1 # bones
root
-1
0 0 0
8 # meshes
4_Object.1_0.1_0_0_root_root
1 # uv layers
2 # textures
billboard_joker1_D.png
0 # uv layer index
billboard_joker1_NORM1.png
0 # uv layer index
36 # vertices
258.064 125.476 7.530352
0 0 1
255 255 255 255
0.975048 1.013917
0 0 0 0
1 0 0 0
263.652 121.92 7.530352
0 0 1
255 255 255 255
0.996161 1.04175
0 0 0 0
1 0 0 0
261.366 124.46 7.530352
0 0 1
255 255 255 255
0.987524 1.021869
0 0 0 0
1 0 0 0
263.906 65.53201 7.530352
0 0 1
255 255 255 255
0.997121 1.483101
0 0 0 0
1 0 0 0
177.546 126.238 7.530352
0 0 1
255 255 255 255
0.670825 1.007952
0 0 0 0
1 0 0 0
150.876 125.984 7.530352
0 0 1
255 255 255 255
0.570058 1.00994
0 0 0 0
1 0 0 0
149.606 126.492 7.530352
0 0 1
255 255 255 255
0.565259 1.005964
0 0 0 0
1 0 0 0
122.174 126.238 7.530352
0 0 1
255 255 255 255
0.461612 1.007952
0 0 0 0
1 0 0 0
263.906 6.096002 7.530352
0 0 1
255 255 255 255
0.997121 1.94831
0 0 0 0
1 0 0 0
67.31001 127 7.530352
0 0 1
255 255 255 255
0.254319 1.001988
0 0 0 0
1 0 0 0
9.398 127.254 7.530352
0 0 1
255 255 255 255
0.035509 1
0 0 0 0
1 0 0 0
9.143999 127.254 7.530352
0 0 1
255 255 255 255
0.034549 1
0 0 0 0
1 0 0 0
5.08 126.238 7.530352
0 0 1
255 255 255 255
0.019194 1.007952
0 0 0 0
1 0 0 0
3.048 124.206 7.530352
0 0 1
255 255 255 255
0.011516 1.023857
0 0 0 0
1 0 0 0
1.778 120.65 7.530352
0 0 1
255 255 255 255
0.006718 1.05169
0 0 0 0
1 0 0 0
1.524 116.586 7.530352
0 0 1
255 255 255 255
0.005758 1.083499
0 0 0 0
1 0 0 0
263.144 3.302005 7.530352
0 0 1
255 255 255 255
0.994242 1.970179
0 0 0 0
1 0 0 0
262.382 2.286003 7.530352
0 0 1
255 255 255 255
0.991363 1.978131
0 0 0 0
1 0 0 0
264.414 117.856 7.530352
0 0 1
255 255 255 255
0.99904 1.073559
0 0 0 0
1 0 0 0
264.414 90.17 7.530352
0 0 1
255 255 255 255
0.99904 1.290258
0 0 0 0
1 0 0 0
1.778 112.522 7.530352
0 0 1
255 255 255 255
0.006718 1.115308
0 0 0 0
1 0 0 0
260.858 0.762001 7.530352
0 0 1
255 255 255 255
0.985605 1.99006
0 0 0 0
1 0 0 0
257.81 0 7.530352
0 0 1
255 255 255 255
0.974088 1.996024
0 0 0 0
1 0 0 0
0 7.112003 7.530352
0 0 1
255 255 255 255
0 1.940358
0 0 0 0
1 0 0 0
5.842 0.508001 7.530352
0 0 1
255 255 255 255
0.022073 1.992048
0 0 0 0
1 0 0 0
33.274 0.254 7.530352
0 0 1
255 255 255 255
0.12572 1.994036
0 0 0 0
1 0 0 0
0.508 25.908 7.530352
0 0 1
255 255 255 255
0.001919 1.793241
0 0 0 0
1 0 0 0
3.048 1.524002 7.530352
0 0 1
255 255 255 255
0.011516 1.984095
0 0 0 0
1 0 0 0
1.016 3.556006 7.530352
0 0 1
255 255 255 255
0.003839 1.968191
0 0 0 0
1 0 0 0
1.27 105.918 7.530352
0 0 1
255 255 255 255
0.004798 1.166998
0 0 0 0
1 0 0 0
1.27 78.486 7.530352
0 0 1
255 255 255 255
0.004798 1.38171
0 0 0 0
1 0 0 0
0.762 70.866 7.530352
0 0 1
255 255 255 255
0.002879 1.441352
0 0 0 0
1 0 0 0
1.016 64.262 7.530352
0 0 1
255 255 255 255
0.003839 1.493042
0 0 0 0
1 0 0 0
0.508 52.07 7.530352
0 0 1
255 255 255 255
0.001919 1.588469
0 0 0 0
1 0 0 0
0.762 43.688 7.530352
0 0 1
255 255 255 255
0.002879 1.654076
0 0 0 0
1 0 0 0
0.254 34.29 7.530352
0 0 1
255 255 255 255
0.00096 1.727634
0 0 0 0
1 0 0 0
34 # faces
0 2 1
3 5 4
3 6 5
7 6 3
8 9 7
8 10 9
8 11 10
8 12 11
8 13 12
14 13 8
15 14 16
16 17 15
18 19 4
1 18 4
20 15 21
21 22 20
23 25 24
23 26 25
27 28 24
25 30 29
25 31 30
25 32 31
25 33 32
25 34 33
25 35 34
25 29 20
25 26 35
24 28 23
20 22 25
15 17 21
14 8 16
7 3 8
4 19 3
4 0 1
4_Mesh2_0.1_0_0
1 # uv layers
2 # textures
billboard_joker1_D.png
0 # uv layer index
billboard_joker1_NORM1.png
0 # uv layer index
36 # vertices
264.414 117.856 0
0 0 -1
255 255 255 255
0.004126 0.06905901
0 0 0 0
1 0 0 0
177.546 126.238 0
-0.002258779 0.7071032 -0.7071068
255 255 255 255
0.333275 0.006356001
0 0 0 0
1 0 0 0
263.652 121.92 0
0 0 -1
255 255 255 255
0.007315 0.03715199
0 0 0 0
1 0 0 0
264.414 90.17 0
0 0 -1
255 255 255 255
0.002031 0.286613
0 0 0 0
1 0 0 0
263.906 65.53201 0
0 0 -1
255 255 255 255
0.002088 0.480236
0 0 0 0
1 0 0 0
150.876 125.984 0
0.1757874 0.6849079 -0.7071068
255 255 255 255
0.434115 0.009323001
0 0 0 0
1 0 0 0
149.606 126.492 0
0.08459381 0.7020285 -0.7071068
255 255 255 255
0.438957 0.005378008
0 0 0 0
1 0 0 0
263.906 6.096002 0
0 0 -1
255 255 255 255
-0.002408 0.94728
0 0 0 0
1 0 0 0
122.174 126.238 0
0.004364606 0.7070933 -0.7071068
255 255 255 255
0.542679 0.008372009
0 0 0 0
1 0 0 0
67.31001 127 0
0.005341006 0.7070866 -0.7071068
255 255 255 255
0.75022 0.004382014
0 0 0 0
1 0 0 0
9.398 127.254 0
0.001033796 0.707106 -0.7071067
255 255 255 255
0.969249 0.004495025
0 0 0 0
1 0 0 0
9.143999 127.254 0
0 0.7071068 -0.7071068
255 255 255 255
0.97021 0.004504025
0 0 0 0
1 0 0 0
5.08 126.238 0
0 0 -1
255 255 255 255
0.985502 0.01263499
0 0 0 0
1 0 0 0
3.048 124.206 0
0 0 -1
255 255 255 255
0.993033 0.02867699
0 0 0 0
1 0 0 0
263.144 3.302005 0
0 0 -1
255 255 255 255
0.000262 0.969263
0 0 0 0
1 0 0 0
1.778 120.65 0
0 0 -1
255 255 255 255
0.997567 0.05666602
0 0 0 0
1 0 0 0
1.524 116.586 0
0 0 -1
255 255 255 255
0.99822 0.08860999
0 0 0 0
1 0 0 0
262.382 2.286003 0
0 0 -1
255 255 255 255
0.003067 0.977274
0 0 0 0
1 0 0 0
260.858 0.762001 0
0 0 -1
255 255 255 255
0.008715 0.989305
0 0 0 0
1 0 0 0
1.778 112.522 0
0 0 -1
255 255 255 255
0.996952 0.120535
0 0 0 0
1 0 0 0
1.016 3.556006 0
0 0 -1
255 255 255 255
0.99159 0.97681
0 0 0 0
1 0 0 0
5.842 0.508001 0
0 0 -1
255 255 255 255
0.973109 1.000586
0 0 0 0
1 0 0 0
3.048 1.524002 0
0 0 -1
255 255 255 255
0.983752 0.992704
0 0 0 0
1 0 0 0
0 7.112003 0
0 0 -1
255 255 255 255
0.995701 0.948905
0 0 0 0
1 0 0 0
0.508 25.908 0
0 0 -1
255 255 255 255
0.995202 0.801188
0 0 0 0
1 0 0 0
33.274 0.254 0
0 0 -1
255 255 255 255
0.869348 1.001583
0 0 0 0
1 0 0 0
0.254 34.29 0
0 0 -1
255 255 255 255
0.996797 0.735332
0 0 0 0
1 0 0 0
0.762 43.688 0
0 0 -1
255 255 255 255
0.995587 0.661465
0 0 0 0
1 0 0 0
0.508 52.07 0
0 0 -1
255 255 255 255
0.997181 0.595609
0 0 0 0
1 0 0 0
1.016 64.262 0
0 0 -1
255 255 255 255
0.996183 0.499787
0 0 0 0
1 0 0 0
0.762 70.866 0
0 0 -1
255 255 255 255
0.997643 0.447902
0 0 0 0
1 0 0 0
1.27 78.486 0
0 0 -1
255 255 255 255
0.996298 0.388006
0 0 0 0
1 0 0 0
1.27 105.918 0
0 0 -1
255 255 255 255
0.998373 0.172447
0 0 0 0
1 0 0 0
257.81 0 0
0 0 -1
255 255 255 255
0.020184 0.995404
0 0 0 0
1 0 0 0
258.064 125.476 0
0.006691505 0.7070751 -0.7071068
255 255 255 255
0.028716 0.009411991
0 0 0 0
1 0 0 0
261.366 124.46 0
0 0 -1
255 255 255 255
0.016152 0.01727599
0 0 0 0
1 0 0 0
34 # faces
0 2 1
3 0 1
3 1 4
5 4 1
6 4 5
4 8 7
9 7 8
10 7 9
11 7 10
12 7 11
13 7 12
7 15 14
15 16 14
17 14 16
17 16 18
16 19 18
20 22 21
20 21 23
24 23 25
24 25 26
26 25 27
27 25 28
28 25 29
29 25 30
30 25 31
31 25 32
32 25 19
25 23 21
33 19 25
33 18 19
13 15 7
6 8 4
34 1 2
35 34 2
5_Mesh3_0.1_0_0
1 # uv layers
1 # textures
rim1_D.png
0 # uv layer index
16 # vertices
258.064 125.476 7.530352
0.009463217 0.9999552 0
255 255 255 255
0.021212 0
0 0 0 0
1 0 0 0
258.064 125.476 0
0.006691505 0.7070751 -0.7071068
255 255 255 255
0.021212 1
0 0 0 0
1 0 0 0
177.546 126.238 7.530352
0.0031346 0.9999951 0
255 255 255 255
0.32864 0
0 0 0 0
1 0 0 0
177.546 126.238 0
-0.002258779 0.7071032 -0.7071068
255 255 255 255
0.32864 1
0 0 0 0
1 0 0 0
150.876 125.984 7.530352
0.1194575 0.9928393 0
255 255 255 255
0.430487 0
0 0 0 0
1 0 0 0
149.606 126.492 7.530352
0.2486847 0.9685844 0
255 255 255 255
0.435318 0
0 0 0 0
1 0 0 0
149.606 126.492 0
0.08459381 0.7020285 -0.7071068
255 255 255 255
0.435318 1
0 0 0 0
1 0 0 0
122.174 126.238 7.530352
-0.001543565 0.9999988 0
255 255 255 255
0.540075 0
0 0 0 0
1 0 0 0
122.174 126.238 0
0.004364606 0.7070933 -0.7071068
255 255 255 255
0.540075 1
0 0 0 0
1 0 0 0
67.31001 127 7.530352
0.01072059 0.9999425 0
255 255 255 255
0.749544 0
0 0 0 0
1 0 0 0
9.398 127.254 0
0.001033796 0.707106 -0.7071067
255 255 255 255
0.97067 1
0 0 0 0
1 0 0 0
9.143999 127.254 0
0 0.7071068 -0.7071068
255 255 255 255
0.97164 1
0 0 0 0
1 0 0 0
9.143999 127.254 7.530352
0 1 0
255 255 255 255
0.97164 0
0 0 0 0
1 0 0 0
67.31001 127 0
0.005341006 0.7070866 -0.7071068
255 255 255 255
0.749544 1
0 0 0 0
1 0 0 0
9.398 127.254 7.530352
0.002924017 0.9999957 0
255 255 255 255
0.97067 0
0 0 0 0
1 0 0 0
150.876 125.984 0
0.1757874 0.6849079 -0.7071068
255 255 255 255
0.430487 1
0 0 0 0
1 0 0 0
14 # faces
0 2 1
1 2 3
2 4 3
5 7 6
6 7 8
7 9 8
10 12 11
13 14 10
14 12 10
9 14 13
8 9 13
15 5 6
4 5 15
3 4 15
5_Mesh4_0.1_0_0
1 # uv layers
1 # textures
rim1_D.png
0 # uv layer index
32 # vertices
3.048 124.206 7.530352
-0.8026751 0.5964165 0
255 255 255 255
0.027207 0
0 0 0 0
1 0 0 0
3.048 124.206 0
-0.8826167 0.4700933 0
255 255 255 255
0.027207 1
0 0 0 0
1 0 0 0
1.778 120.65 7.530352
-0.968971 0.2471743 0
255 255 255 255
0.055882 0
0 0 0 0
1 0 0 0
1.778 120.65 0
-0.9879065 0.155051 0
255 255 255 255
0.055882 1
0 0 0 0
1 0 0 0
1.524 116.586 7.530352
-0.999783 0.02082879 0
255 255 255 255
0.088023 0
0 0 0 0
1 0 0 0
9.143999 127.254 0
-0.2425388 0.9701417 0
255 255 255 255
0 1
0 0 0 0
1 0 0 0
5.08 126.238 0
-0.5706142 0.8212183 0
255 255 255 255
0.010136 1
0 0 0 0
1 0 0 0
5.08 126.238 7.530352
-0.4106094 0.9118114 0
255 255 255 255
0.010136 0
0 0 0 0
1 0 0 0
1.524 116.586 0
-0.999783 -0.02082879 0
255 255 255 255
0.088023 1
0 0 0 0
1 0 0 0
1.778 112.522 0
-0.9995376 0.0304037 0
255 255 255 255
0.119899 1
0 0 0 0
1 0 0 0
1.778 112.522 7.530352
-0.9998711 -0.01605451 0
255 255 255 255
0.119899 0
0 0 0 0
1 0 0 0
0.508 25.908 7.530352
-0.9999374 -0.0111911 0
255 255 255 255
0.802747 0
0 0 0 0
1 0 0 0
0.508 25.908 0
-0.9999686 0.007917966 0
255 255 255 255
0.802747 1
0 0 0 0
1 0 0 0
0 7.112003 7.530352
-0.9972337 -0.07433024 0
255 255 255 255
0.951054 0
0 0 0 0
1 0 0 0
0 7.112003 0
-0.9843974 -0.1759597 0
255 255 255 255
0.951054 1
0 0 0 0
1 0 0 0
1.016 3.556006 7.530352
-0.9615239 -0.2747214 0
255 255 255 255
0.978528 0
0 0 0 0
1 0 0 0
1.016 3.556006 0
-0.9615239 -0.2747214 0
255 255 255 255
0.978528 1
0 0 0 0
1 0 0 0
1.27 105.918 0
-0.9996728 0.02558226 0
255 255 255 255
0.172179 1
0 0 0 0
1 0 0 0
1.27 105.918 7.530352
-0.9986902 0.05116453 0
255 255 255 255
0.172179 0
0 0 0 0
1 0 0 0
1.27 78.486 7.530352
-0.9997539 0.02218391 0
255 255 255 255
0.388237 0
0 0 0 0
1 0 0 0
0.762 43.688 7.530352
-0.9999976 -0.002202737 0
255 255 255 255
0.662577 0
0 0 0 0
1 0 0 0
0.762 43.688 0
-0.9996644 0.02590758 0
255 255 255 255
0.662577 1
0 0 0 0
1 0 0 0
0.254 34.29 7.530352
-0.9996644 0.02590759 0
255 255 255 255
0.736863 0
0 0 0 0
1 0 0 0
0.508 52.07 7.530352
-0.9998439 0.01766748 0
255 255 255 255
0.596692 0
0 0 0 0
1 0 0 0
0.508 52.07 0
-0.99998 -0.006319533 0
255 255 255 255
0.596692 1
0 0 0 0
1 0 0 0
1.016 64.262 7.530352
-0.9999309 -0.01175362 0
255 255 255 255
0.5004 0
0 0 0 0
1 0 0 0
1.016 64.262 0
-0.9998882 0.01495331 0
255 255 255 255
0.5004 1
0 0 0 0
1 0 0 0
0.762 70.866 7.530352
-0.9995014 0.03157361 0
255 255 255 255
0.44852 0
0 0 0 0
1 0 0 0
0.762 70.866 0
-0.999994 -0.003453332 0
255 255 255 255
0.44852 1
0 0 0 0
1 0 0 0
1.27 78.486 0
-0.9990153 0.04436783 0
255 255 255 255
0.388237 1
0 0 0 0
1 0 0 0
0.254 34.29 0
-0.9999976 -0.002202723 0
255 255 255 255
0.736863 1
0 0 0 0
1 0 0 0
9.143999 127.254 7.530352
-0.2425388 0.9701417 0
255 255 255 255
0 0
0 0 0 0
1 0 0 0
30 # faces
0 2 1
1 2 3
2 4 3
5 7 6
8 10 9
4 10 8
11 13 12
12 13 14
13 15 14
14 15 16
9 18 17
18 19 17
20 22 21
23 20 24
25 23 26
27 25 28
19 27 29
17 19 29
29 27 28
28 25 26
26 23 24
24 20 21
21 22 30
22 11 30
30 11 12
10 18 9
3 4 8
6 0 1
7 0 6
31 7 5
5_Mesh5_0.1_0_0
1 # uv layers
1 # textures
rim1_D.png
0 # uv layer index
12 # vertices
257.81 0 7.530352
0.08063358 -0.9967438 0
255 255 255 255
0.979665 0
0 0 0 0
1 0 0 0
257.81 0 0
0.162406 -0.986724 0
255 255 255 255
0.979665 1
0 0 0 0
1 0 0 0
260.858 0.762001 7.530352
0.2425379 -0.9701419 0
255 255 255 255
0.99129 0
0 0 0 0
1 0 0 0
260.858 0.762001 0
0.2425379 -0.9701419 0
255 255 255 255
0.99129 1
0 0 0 0
1 0 0 0
33.274 0.254 0
-0.003840475 -0.9999926 0
255 255 255 255
0.123076 1
0 0 0 0
1 0 0 0
33.274 0.254 7.530352
-0.006549721 -0.9999785 0
255 255 255 255
0.123076 0
0 0 0 0
1 0 0 0
5.842 0.508001 0
-0.12164 -0.9925743 0
255 255 255 255
0.018424 1
0 0 0 0
1 0 0 0
5.842 0.508001 7.530352
-0.2339013 -0.9722603 0
255 255 255 255
0.018424 0
0 0 0 0
1 0 0 0
1.016 3.556006 7.530352
-0.7071074 -0.7071061 0
255 255 255 255
0 0
0 0 0 0
1 0 0 0
1.016 3.556006 0
-0.7071074 -0.7071061 0
255 255 255 255
0 1
0 0 0 0
1 0 0 0
3.048 1.524002 7.530352
-0.5979177 -0.8015575 0
255 255 255 255
0.00776 0
0 0 0 0
1 0 0 0
3.048 1.524002 0
-0.4735083 -0.8807894 0
255 255 255 255
0.00776 1
0 0 0 0
1 0 0 0
10 # faces
0 2 1
1 2 3
4 0 1
5 0 4
6 5 4
7 5 6
8 10 9
10 7 11
9 10 11
11 7 6
5_Mesh6_0.1_0_0
1 # uv layers
1 # textures
rim1_D.png
0 # uv layer index
20 # vertices
261.366 124.46 7.530352
0.6132256 0.7899078 0
255 255 255 255
0.991853 0
0 0 0 0
1 0 0 0
261.366 124.46 0
0.4585282 0.8886799 0
255 255 255 255
0.991853 1
0 0 0 0
1 0 0 0
258.064 125.476 7.530352
0.2940854 0.9557792 0
255 255 255 255
1 0
0 0 0 0
1 0 0 0
258.064 125.476 0
0.2940854 0.9557792 0
255 255 255 255
1 1
0 0 0 0
1 0 0 0
262.382 2.286003 7.530352
0.739724 -0.6729103 0
255 255 255 255
0.01222 0
0 0 0 0
1 0 0 0
262.382 2.286003 0
0.7707601 -0.6371256 0
255 255 255 255
0.01222 1
0 0 0 0
1 0 0 0
263.144 3.302005 7.530352
0.8686024 -0.4955096 0
255 255 255 255
0.020367 0
0 0 0 0
1 0 0 0
263.144 3.302005 0
0.9244007 -0.3814227 0
255 255 255 255
0.020367 1
0 0 0 0
1 0 0 0
263.906 6.096002 7.530352
0.9842456 -0.1768069 0
255 255 255 255
0.04277 0
0 0 0 0
1 0 0 0
263.906 6.096002 0
0.9960847 -0.08840343 0
255 255 255 255
0.04277 1
0 0 0 0
1 0 0 0
263.906 65.53201 7.530352
0.9999764 -0.006871659 0
255 255 255 255
0.519348 0
0 0 0 0
1 0 0 0
263.906 65.53201 0
0.9999056 -0.01374332 0
255 255 255 255
0.519348 1
0 0 0 0
1 0 0 0
264.414 90.17 7.530352
0.9999056 -0.01374332 0
255 255 255 255
0.716904 0
0 0 0 0
1 0 0 0
264.414 90.17 0
0.9999764 -0.006871659 0
255 255 255 255
0.716904 1
0 0 0 0
1 0 0 0
264.414 117.856 7.530352
0.998097 0.06166399 0
255 255 255 255
0.9389 0
0 0 0 0
1 0 0 0
264.414 117.856 0
0.992366 0.123328 0
255 255 255 255
0.9389 1
0 0 0 0
1 0 0 0
263.652 121.92 7.530352
0.9338525 0.3576584 0
255 255 255 255
0.971487 0
0 0 0 0
1 0 0 0
263.652 121.92 0
0.8512648 0.5247363 0
255 255 255 255
0.971487 1
0 0 0 0
1 0 0 0
260.858 0.762001 7.530352
0.7071033 -0.7071103 0
255 255 255 255
0 0
0 0 0 0
1 0 0 0
260.858 0.762001 0
0.7071033 -0.7071103 0
255 255 255 255
0 1
0 0 0 0
1 0 0 0
18 # faces
0 2 1
1 2 3
4 6 5
5 6 7
6 8 7
7 8 9
8 10 9
9 10 11
10 12 11
11 12 13
12 14 13
14 16 15
15 16 17
13 14 15
18 4 19
19 4 5
17 0 1
16 0 17
4_Object.2_0.1_0_0
1 # uv layers
2 # textures
pole1_D.png
0 # uv layer index
pole1_N.png
0 # uv layer index
240 # vertices
28.0799 3.073086 3.765182
-0.7069718 0.7072148 -0.006178783
255 255 255 255
0.5 0.379946
0 0 0 0
1 0 0 0
28.0799 -87.62691 3.765171
-0.7069718 -0.7072148 0.006178746
255 255 255 255
0.5 0
0 0 0 0
1 0 0 0
28.08411 3.073086 3.926023
-0.7988046 0.6001314 0.04187465
255 255 255 255
0.526168 0.380372
0 0 0 0
1 0 0 0
33.96077 3.073086 2.515169
0.6483575 0.7072144 -0.2819227
255 255 255 255
0.296632 0.973197
0 0 0 0
1 0 0 0
33.89151 3.073086 2.369945
0.6327136 0.7072146 -0.3154695
255 255 255 255
0.273004 0.966209
0 0 0 0
1 0 0 0
33.96077 -87.62691 2.515159
0.6433381 -0.7072144 -0.293196
255 255 255 255
0.296632 0.59325
0 0 0 0
1 0 0 0
33.89151 -87.62691 2.369943
0.6271088 -0.7072145 -0.3264693
255 255 255 255
0.273006 0.586263
0 0 0 0
1 0 0 0
33.81473 3.073086 2.228548
0.6153396 0.7072143 -0.3481453
255 255 255 255
0.25 0.958464
0 0 0 0
1 0 0 0
28.08411 3.073086 3.604341
-0.7056801 0.7072143 -0.04316744
255 255 255 255
0.473832 0.380372
0 0 0 0
1 0 0 0
28.09674 3.073086 3.44394
-0.5515302 0.8321381 -0.05797055
255 255 255 255
0.447736 0.381645
0 0 0 0
1 0 0 0
33.73066 3.073086 2.091359
0.6708411 0.6001322 -0.435676
255 255 255 255
0.22768 0.949984
0 0 0 0
1 0 0 0
33.81473 -87.62691 2.228538
0.6091758 -0.7072143 -0.3588213
255 255 255 255
0.25 0.578518
0 0 0 0
1 0 0 0
33.73066 -87.62691 2.091349
0.4650914 -0.8321384 -0.3020524
255 255 255 255
0.227681 0.570037
0 0 0 0
1 0 0 0
33.63953 -87.62691 1.958773
0.6471073 -0.6001313 -0.470207
255 255 255 255
0.206111 0.560844
0 0 0 0
1 0 0 0
33.63953 3.073086 1.958783
0.4486372 0.8321378 -0.3259928
255 255 255 255
0.206111 0.94079
0 0 0 0
1 0 0 0
28.11774 3.073086 3.284419
-0.7900522 0.6001315 -0.1251386
255 255 255 255
0.421783 0.383764
0 0 0 0
1 0 0 0
28.14706 3.073086 3.12621
-0.5424504 0.832138 -0.1152992
255 255 255 255
0.396043 0.386722
0 0 0 0
1 0 0 0
33.54158 3.073086 1.831145
0.6216392 0.6001313 -0.5033956
255 255 255 255
0.185345 0.93091
0 0 0 0
1 0 0 0
28.18462 3.073086 2.969761
-0.7726473 0.6001316 -0.207022
255 255 255 255
0.37059 0.390511
0 0 0 0
1 0 0 0
33.43709 3.073086 1.70879
0.4121377 0.8321379 -0.3710646
255 255 255 255
0.165439 0.920368
0 0 0 0
1 0 0 0
33.43709 -87.62691 1.708779
0.5944616 -0.6001315 -0.5352173
255 255 255 255
0.165439 0.540422
0 0 0 0
1 0 0 0
33.54158 -87.62691 1.831135
0.4309807 -0.8321378 -0.3490019
255 255 255 255
0.185346 0.550963
0 0 0 0
1 0 0 0
32.82702 -87.62691 6.342633
0.3020323 -0.8321381 0.4651051
255 255 255 255
0.919336 0.478879
0 0 0 0
1 0 0 0
32.68983 -87.62691 6.426698
0.3999485 -0.6001315 0.6927362
255 255 255 255
0.933013 0.46504
0 0 0 0
1 0 0 0
32.82702 3.073086 6.342644
0.4356475 0.6001316 0.6708601
255 255 255 255
0.919336 0.858826
0 0 0 0
1 0 0 0
32.95962 -87.62691 6.2515
0.4701659 -0.6001318 0.6471367
255 255 255 255
0.904509 0.492256
0 0 0 0
1 0 0 0
32.95962 3.073086 6.25151
0.3259645 0.832138 0.4486573
255 255 255 255
0.904509 0.872203
0 0 0 0
1 0 0 0
30.67242 3.073086 6.800616
-0.116677 0.7072145 0.6973048
255 255 255 255
0.993845 0.641474
0 0 0 0
1 0 0 0
30.83194 3.073086 6.82161
-0.08360504 0.6001315 0.7955201
255 255 255 255
0.99726 0.657567
0 0 0 0
1 0 0 0
32.68983 3.073086 6.426709
0.2772825 0.8321379 0.4802717
255 255 255 255
0.933012 0.844987
0 0 0 0
1 0 0 0
30.99234 3.073086 6.834234
-0.02903116 0.8321379 0.5538083
255 255 255 255
0.999314 0.673748
0 0 0 0
1 0 0 0
32.54843 3.073086 6.503485
0.3631488 0.6001316 0.7127165
255 255 255 255
0.945503 0.830723
0 0 0 0
1 0 0 0
32.54843 -87.62691 6.503474
0.2517703 -0.8321381 0.4941233
255 255 255 255
0.945503 0.450776
0 0 0 0
1 0 0 0
32.40321 -87.62691 6.572742
0.2931855 -0.7072145 0.6433428
255 255 255 255
0.956773 0.436126
0 0 0 0
1 0 0 0
33.32633 -87.62691 1.592056
0.4955153 -0.707215 -0.5042931
255 255 255 255
0.146449 0.529249
0 0 0 0
1 0 0 0
33.32633 3.073086 1.592067
0.5042665 0.7072151 -0.4955423
255 255 255 255
0.146449 0.909196
0 0 0 0
1 0 0 0
33.20962 3.073086 1.481331
0.5351977 0.6001313 -0.5944794
255 255 255 255
0.128433 0.897422
0 0 0 0
1 0 0 0
28.28402 3.073086 2.663819
-0.6578056 0.7072146 -0.2591128
255 255 255 255
0.320816 0.400538
0 0 0 0
1 0 0 0
28.23032 3.073086 2.815488
-0.6704673 0.7072144 -0.2243245
255 255 255 255
0.345491 0.395121
0 0 0 0
1 0 0 0
28.28402 -87.62691 2.663809
-0.66223 -0.7072146 -0.2475864
255 255 255 255
0.320816 0.02059197
0 0 0 0
1 0 0 0
28.23032 -87.62691 2.815477
-0.6742801 -0.7072144 -0.212589
255 255 255 255
0.345491 0.01517397
0 0 0 0
1 0 0 0
28.18462 -87.62691 2.969751
-0.535674 -0.8321381 -0.1435256
255 255 255 255
0.37059 0.01056498
0 0 0 0
1 0 0 0
28.14706 -87.62691 3.126209
-0.8748227 -0.4473362 -0.1859452
255 255 255 255
0.396045 0.006775022
0 0 0 0
1 0 0 0
28.09674 -87.62691 3.443929
-0.7955189 -0.6001318 -0.08361602
255 255 255 255
0.447736 0.001698971
0 0 0 0
1 0 0 0
28.11774 -87.62691 3.284409
-0.8833532 -0.4473362 -0.1399193
255 255 255 255
0.421783 0.003817976
0 0 0 0
1 0 0 0
28.08411 -87.62691 3.60433
-0.7063258 -0.7072144 -0.03085189
255 255 255 255
0.473832 0.0004249811
0 0 0 0
1 0 0 0
28.08411 -87.62691 3.926013
-0.5538083 -0.8321379 0.02903153
255 255 255 255
0.526168 0.0004249811
0 0 0 0
1 0 0 0
28.34559 -87.62691 2.515159
-0.7307435 -0.6001317 -0.3253552
255 255 255 255
0.296631 0.02680302
0 0 0 0
1 0 0 0
28.09674 -87.62691 4.086413
-0.7955189 -0.6001318 0.083616
255 255 255 255
0.552264 0.001698971
0 0 0 0
1 0 0 0
28.09674 3.073086 4.086423
-0.5515302 0.8321381 0.05797066
255 255 255 255
0.552264 0.381645
0 0 0 0
1 0 0 0
34.02235 3.073086 2.663819
0.6622298 0.7072147 -0.2475863
255 255 255 255
0.320816 0.979408
0 0 0 0
1 0 0 0
34.07605 3.073086 2.815488
0.6742749 0.7072142 -0.2126065
255 255 255 255
0.345491 0.984826
0 0 0 0
1 0 0 0
34.07605 -87.62691 2.815477
0.6704658 -0.7072142 -0.2243293
255 255 255 255
0.345491 0.60488
0 0 0 0
1 0 0 0
34.02235 -87.62691 2.663809
0.6578023 -0.7072147 -0.2591205
255 255 255 255
0.320816 0.599462
0 0 0 0
1 0 0 0
33.54158 -87.62691 5.699243
0.5533032 -0.7072145 0.4401172
255 255 255 255
0.81466 0.550963
0 0 0 0
1 0 0 0
33.43709 -87.62691 5.82159
0.5944414 -0.6001316 0.5352396
255 255 255 255
0.834566 0.540422
0 0 0 0
1 0 0 0
33.54158 3.073086 5.699253
0.5455344 0.7072145 0.4497109
255 255 255 255
0.81466 0.93091
0 0 0 0
1 0 0 0
33.63953 3.073086 5.571607
0.6471368 0.6001316 0.4701659
255 255 255 255
0.793893 0.94079
0 0 0 0
1 0 0 0
29.75794 3.073086 6.503485
-0.3264599 0.7072145 0.6271136
255 255 255 255
0.945503 0.549224
0 0 0 0
1 0 0 0
29.90317 3.073086 6.572752
-0.325347 0.6001316 0.7307472
255 255 255 255
0.956773 0.563874
0 0 0 0
1 0 0 0
33.43709 3.073086 5.8216
0.4121245 0.8321379 0.3710793
255 255 255 255
0.834565 0.920368
0 0 0 0
1 0 0 0
30.05182 3.073086 6.634326
-0.1987354 0.8321381 0.5177359
255 255 255 255
0.96679 0.57887
0 0 0 0
1 0 0 0
33.32633 3.073086 5.938314
0.5656126 0.6001316 0.5656186
255 255 255 255
0.853554 0.909196
0 0 0 0
1 0 0 0
33.32633 -87.62691 5.938303
0.3921371 -0.8321381 0.3921412
255 255 255 255
0.853554 0.529249
0 0 0 0
1 0 0 0
33.20962 -87.62691 6.049058
0.4776367 -0.7072144 0.521259
255 255 255 255
0.871573 0.517475
0 0 0 0
1 0 0 0
33.08727 -87.62691 6.153553
0.4497072 -0.7072145 0.5455374
255 255 255 255
0.888574 0.505133
0 0 0 0
1 0 0 0
33.20962 3.073086 6.049068
0.4684674 0.7072144 0.5295149
255 255 255 255
0.871573 0.897422
0 0 0 0
1 0 0 0
33.08727 3.073086 6.153564
0.4401154 0.7072145 0.5533048
255 255 255 255
0.888574 0.885079
0 0 0 0
1 0 0 0
30.35776 3.073086 6.733734
-0.1435409 0.8321381 0.5356699
255 255 255 255
0.982963 0.609733
0 0 0 0
1 0 0 0
30.51421 3.073086 6.771295
-0.1530229 0.7072145 0.6902404
255 255 255 255
0.989074 0.625515
0 0 0 0
1 0 0 0
30.35776 -87.62691 6.733724
-0.2070411 -0.6001318 0.7726421
255 255 255 255
0.982963 0.229786
0 0 0 0
1 0 0 0
30.51421 -87.62691 6.771285
-0.1409494 -0.7072145 0.6928064
255 255 255 255
0.989074 0.245569
0 0 0 0
1 0 0 0
30.67242 -87.62691 6.800606
-0.1044911 -0.7072145 0.6992347
255 255 255 255
0.993845 0.261528
0 0 0 0
1 0 0 0
31.63395 -87.62691 0.729754
0.1045914 -0.7072133 -0.699221
255 255 255 255
0.006158 0.358525
0 0 0 0
1 0 0 0
31.79216 -87.62691 0.759067
0.1409611 -0.7072154 -0.6928033
255 255 255 255
0.010927 0.374485
0 0 0 0
1 0 0 0
30.83194 -87.62691 6.821609
-0.05796953 -0.8321381 0.5515304
255 255 255 255
0.997262 0.27762
0 0 0 0
1 0 0 0
30.99234 -87.62691 6.834232
-0.04186166 -0.6001316 0.7988051
255 255 255 255
0.999316 0.293801
0 0 0 0
1 0 0 0
31.94861 -87.62691 0.796654
0.207063 -0.6001303 -0.7726373
255 255 255 255
0.017043 0.390268
0 0 0 0
1 0 0 0
32.10289 -87.62691 0.84234
0.1713303 -0.832138 -0.5274394
255 255 255 255
0.024475 0.405831
0 0 0 0
1 0 0 0
31.15318 -87.62691 6.838439
8.628208E-08 -0.8321379 0.5545689
255 255 255 255
1 0.310027
0 0 0 0
1 0 0 0
31.15318 3.073086 6.83845
1.240794E-07 0.6001315 0.7999013
255 255 255 255
1 0.689973
0 0 0 0
1 0 0 0
31.31403 -87.62691 6.834232
0.04186179 -0.6001316 0.7988052
255 255 255 255
0.999316 0.326252
0 0 0 0
1 0 0 0
31.31403 3.073086 6.834234
0.02903124 0.8321379 0.5538083
255 255 255 255
0.999314 0.706199
0 0 0 0
1 0 0 0
32.40321 3.073086 6.572752
0.2819131 0.7072144 0.6483616
255 255 255 255
0.956773 0.816073
0 0 0 0
1 0 0 0
32.25455 3.073086 6.634326
0.1987354 0.8321381 0.5177359
255 255 255 255
0.96679 0.801077
0 0 0 0
1 0 0 0
32.25455 -87.62691 6.634316
0.2866529 -0.6001318 0.7467744
255 255 255 255
0.966791 0.421131
0 0 0 0
1 0 0 0
33.20962 -87.62691 1.48132
0.3710502 -0.8321378 -0.4121509
255 255 255 255
0.128433 0.517475
0 0 0 0
1 0 0 0
33.08727 -87.62691 1.376833
0.5034211 -0.6001307 -0.6216191
255 255 255 255
0.111434 0.505133
0 0 0 0
1 0 0 0
32.10289 -87.62691 6.688021
0.1713727 -0.8321379 0.5274258
255 255 255 255
0.975528 0.405831
0 0 0 0
1 0 0 0
32.10289 3.073086 6.688031
0.2471853 0.6001313 0.7607508
255 255 255 255
0.975528 0.785777
0 0 0 0
1 0 0 0
31.94861 -87.62691 6.733724
0.188951 -0.7072146 0.681282
255 255 255 255
0.982964 0.390268
0 0 0 0
1 0 0 0
32.95962 -87.62691 1.27886
0.4105224 -0.7072155 -0.5756018
255 255 255 255
0.095494 0.492256
0 0 0 0
1 0 0 0
32.82702 -87.62691 1.187754
0.3020016 -0.8321376 -0.4651259
255 255 255 255
0.080672 0.47888
0 0 0 0
1 0 0 0
31.79216 -87.62691 6.771285
0.1530232 -0.7072146 0.6902402
255 255 255 255
0.989074 0.374485
0 0 0 0
1 0 0 0
31.94861 3.073086 6.733734
0.2083165 0.5548172 0.80547
255 255 255 255
0.982963 0.770214
0 0 0 0
1 0 0 0
31.79216 3.073086 6.771295
0.1891248 0.3163144 0.9296113
255 255 255 255
0.989074 0.754432
0 0 0 0
1 0 0 0
31.63395 3.073086 6.800616
0.1044894 0.7072145 0.699235
255 255 255 255
0.993845 0.738472
0 0 0 0
1 0 0 0
31.47443 3.073086 6.82161
0.06774979 0.7072143 0.7037455
255 255 255 255
0.99726 0.72238
0 0 0 0
1 0 0 0
31.47443 -87.62691 6.821609
0.08002589 -0.7072144 0.7024554
255 255 255 255
0.997262 0.342433
0 0 0 0
1 0 0 0
31.63395 -87.62691 6.800606
0.1166877 -0.7072144 0.6973032
255 255 255 255
0.993845 0.358525
0 0 0 0
1 0 0 0
32.54843 -87.62691 1.026842
0.3155619 -0.7072158 -0.6326661
255 255 255 255
0.054493 0.450776
0 0 0 0
1 0 0 0
32.68983 -87.62691 1.103688
0.4000788 -0.6001321 -0.6926603
255 255 255 255
0.066995 0.46504
0 0 0 0
1 0 0 0
32.54843 3.073086 1.026853
0.326531 0.7072149 -0.6270762
255 255 255 255
0.054492 0.830723
0 0 0 0
1 0 0 0
32.40321 3.073086 0.957576
0.2931542 0.7072157 -0.6433557
255 255 255 255
0.043222 0.816073
0 0 0 0
1 0 0 0
28.7648 3.073086 1.831145
-0.5455474 0.7072139 -0.4496962
255 255 255 255
0.185345 0.449038
0 0 0 0
1 0 0 0
28.66684 3.073086 1.958783
-0.6471052 0.6001318 -0.4702094
255 255 255 255
0.206111 0.439156
0 0 0 0
1 0 0 0
32.68983 3.073086 1.103611
0.2773697 0.8321397 -0.4802183
255 255 255 255
0.066981 0.844987
0 0 0 0
1 0 0 0
28.57571 3.073086 2.091359
-0.4650901 0.8321381 -0.3020553
255 255 255 255
0.22768 0.429964
0 0 0 0
1 0 0 0
32.82702 3.073086 1.187764
0.4356809 0.6001297 -0.6708401
255 255 255 255
0.080672 0.858826
0 0 0 0
1 0 0 0
28.49164 3.073086 2.228548
-0.6091621 0.7072145 -0.3588444
255 255 255 255
0.25 0.421482
0 0 0 0
1 0 0 0
32.95962 3.073086 1.278871
0.420559 0.7072157 -0.5683099
255 255 255 255
0.095494 0.872203
0 0 0 0
1 0 0 0
33.08727 3.073086 1.376843
0.3490201 0.8321375 -0.4309666
255 255 255 255
0.111434 0.88508
0 0 0 0
1 0 0 0
28.41486 3.073086 2.369945
-0.7127123 0.6001316 -0.3631573
255 255 255 255
0.273004 0.413737
0 0 0 0
1 0 0 0
28.34559 3.073086 2.515169
-0.5066229 0.832138 -0.2255649
255 255 255 255
0.296631 0.40675
0 0 0 0
1 0 0 0
28.41486 -87.62691 2.369943
-0.4941211 -0.8321379 -0.2517754
255 255 255 255
0.273006 0.03379101
0 0 0 0
1 0 0 0
28.49164 -87.62691 2.228538
-0.6153359 -0.7072145 -0.3481513
255 255 255 255
0.25 0.04153597
0 0 0 0
1 0 0 0
28.11774 -87.62691 4.245934
-0.6973026 -0.7072144 0.1166912
255 255 255 255
0.578217 0.003817022
0 0 0 0
1 0 0 0
28.11774 3.073086 4.245944
-0.6992328 0.7072144 0.1045056
255 255 255 255
0.578217 0.383764
0 0 0 0
1 0 0 0
28.14706 3.073086 4.404154
-0.6928067 0.7072145 0.1409492
255 255 255 255
0.603956 0.386722
0 0 0 0
1 0 0 0
34.12176 3.073086 2.969761
0.6844779 0.7072147 -0.177024
255 255 255 255
0.370591 0.989436
0 0 0 0
1 0 0 0
34.12176 -87.62691 2.969751
0.6812811 -0.7072147 -0.188954
255 255 255 255
0.370591 0.60949
0 0 0 0
1 0 0 0
34.15932 -87.62691 3.1262
0.6902401 -0.7072144 -0.153024
255 255 255 255
0.396044 0.613279
0 0 0 0
1 0 0 0
33.73066 -87.62691 5.438994
0.6708614 -0.6001317 0.4356453
255 255 255 255
0.77232 0.570037
0 0 0 0
1 0 0 0
33.63953 -87.62691 5.571596
0.4486575 -0.8321381 0.3259642
255 255 255 255
0.793893 0.560844
0 0 0 0
1 0 0 0
33.73066 3.073086 5.439004
0.4651058 0.8321381 0.3020312
255 255 255 255
0.77232 0.949984
0 0 0 0
1 0 0 0
29.61654 3.073086 6.426709
-0.3588226 0.7072142 0.6091751
255 255 255 255
0.933012 0.53496
0 0 0 0
1 0 0 0
29.47935 3.073086 6.342644
-0.3020334 0.8321381 0.4651043
255 255 255 255
0.919335 0.521121
0 0 0 0
1 0 0 0
33.81473 3.073086 5.301816
0.6927328 0.6001313 0.3999546
255 255 255 255
0.75 0.958464
0 0 0 0
1 0 0 0
29.34675 3.073086 6.25151
-0.4105504 0.7072144 0.5755834
255 255 255 255
0.904509 0.507744
0 0 0 0
1 0 0 0
33.89151 3.073086 5.16042
0.4941208 0.8321382 0.2517749
255 255 255 255
0.726996 0.966209
0 0 0 0
1 0 0 0
33.89151 -87.62691 5.160409
0.7127123 -0.6001319 0.3631569
255 255 255 255
0.726996 0.586263
0 0 0 0
1 0 0 0
33.81473 -87.62691 5.301805
0.4802694 -0.8321378 0.2772868
255 255 255 255
0.75 0.578518
0 0 0 0
1 0 0 0
34.18864 -87.62691 3.284409
0.6973041 -0.7072148 -0.1166805
255 255 255 255
0.421783 0.616237
0 0 0 0
1 0 0 0
34.20963 -87.62691 3.443929
0.7024559 -0.7072139 -0.08002508
255 255 255 255
0.447736 0.618355
0 0 0 0
1 0 0 0
33.96077 -87.62691 5.015184
0.5066218 -0.8321379 0.2255678
255 255 255 255
0.703369 0.59325
0 0 0 0
1 0 0 0
33.96077 3.073086 5.015194
0.7307437 0.6001315 0.3253551
255 255 255 255
0.703369 0.973197
0 0 0 0
1 0 0 0
34.02235 -87.62691 4.866535
0.7467727 -0.6001319 0.2866569
255 255 255 255
0.679185 0.599462
0 0 0 0
1 0 0 0
34.02235 3.073086 4.866545
0.5177346 0.8321382 0.1987384
255 255 255 255
0.679184 0.979408
0 0 0 0
1 0 0 0
29.09675 3.073086 6.049068
-0.5352456 0.6001316 0.5944359
255 255 255 255
0.871573 0.482525
0 0 0 0
1 0 0 0
29.2191 3.073086 6.153564
-0.44011 0.7072145 0.553309
255 255 255 255
0.888573 0.494867
0 0 0 0
1 0 0 0
29.2191 -87.62691 6.153553
-0.4497045 -0.7072145 0.5455396
255 255 255 255
0.888574 0.11492
0 0 0 0
1 0 0 0
29.09675 -87.62691 6.049058
-0.3710837 -0.8321381 0.4121202
255 255 255 255
0.871573 0.102578
0 0 0 0
1 0 0 0
28.98005 -87.62691 5.938303
-0.4955433 -0.7072142 0.5042667
255 255 255 255
0.853554 0.09080499
0 0 0 0
1 0 0 0
29.90317 -87.62691 0.957565
-0.2931542 -0.7072156 -0.6433557
255 255 255 255
0.043222 0.183928
0 0 0 0
1 0 0 0
30.05182 -87.62691 0.896035
-0.2589909 -0.7072138 -0.6578545
255 255 255 255
0.033211 0.198923
0 0 0 0
1 0 0 0
29.90317 3.073086 0.957576
-0.2818157 0.7072157 -0.6484025
255 255 255 255
0.043221 0.563874
0 0 0 0
1 0 0 0
29.75794 3.073086 1.026853
-0.3632186 0.6001321 -0.7126806
255 255 255 255
0.054492 0.549224
0 0 0 0
1 0 0 0
31.15318 3.073086 0.691914
0.006191863 0.7072152 -0.7069712
255 255 255 255
0 0.689973
0 0 0 0
1 0 0 0
30.99234 3.073086 0.696139
-0.0308253 0.7072133 -0.706328
255 255 255 255
0.000687 0.673748
0 0 0 0
1 0 0 0
31.15318 -87.62691 0.691903
-0.006190073 -0.7072151 -0.7069713
255 255 255 255
0 0.310027
0 0 0 0
1 0 0 0
30.99234 -87.62691 0.696129
-0.04307709 -0.7072131 -0.7056869
255 255 255 255
0.000688 0.293801
0 0 0 0
1 0 0 0
30.83194 3.073086 0.708727
-0.06770842 0.7072164 -0.7037475
255 255 255 255
0.002735 0.657567
0 0 0 0
1 0 0 0
30.05182 3.073086 0.896046
-0.2475064 0.7072138 -0.6622607
255 255 255 255
0.033211 0.57887
0 0 0 0
1 0 0 0
30.20349 3.073086 0.84235
-0.2125486 0.7072145 -0.6742928
255 255 255 255
0.024475 0.59417
0 0 0 0
1 0 0 0
30.67242 3.073086 0.729765
-0.1045917 0.7072133 -0.6992208
255 255 255 255
0.006158 0.641475
0 0 0 0
1 0 0 0
30.83194 -87.62691 0.708716
-0.08008772 -0.7072163 -0.7024465
255 255 255 255
0.002735 0.27762
0 0 0 0
1 0 0 0
30.67242 -87.62691 0.729754
-0.1167167 -0.7072133 -0.6972995
255 255 255 255
0.006158 0.261528
0 0 0 0
1 0 0 0
30.51421 3.073086 0.759077
-0.2017486 0.2426146 -0.9489129
255 255 255 255
0.010927 0.625515
0 0 0 0
1 0 0 0
30.35776 3.073086 0.796664
-0.1830111 0.7072269 -0.6828887
255 255 255 255
0.017042 0.609733
0 0 0 0
1 0 0 0
30.35776 -87.62691 0.796654
-0.2070633 -0.6001304 -0.7726372
255 255 255 255
0.017042 0.229786
0 0 0 0
1 0 0 0
30.51421 -87.62691 0.759067
-0.1153298 -0.8321387 -0.5424428
255 255 255 255
0.010927 0.245569
0 0 0 0
1 0 0 0
29.47935 -87.62691 6.342633
-0.4356477 -0.6001318 0.6708599
255 255 255 255
0.919336 0.141174
0 0 0 0
1 0 0 0
29.34675 -87.62691 6.2515
-0.4205322 -0.7072144 0.5683312
255 255 255 255
0.904509 0.127798
0 0 0 0
1 0 0 0
30.20349 -87.62691 0.84234
-0.2242848 -0.7072144 -0.6704804
255 255 255 255
0.024475 0.214224
0 0 0 0
1 0 0 0
29.61654 -87.62691 6.426698
-0.3481424 -0.7072144 0.6153411
255 255 255 255
0.933012 0.155014
0 0 0 0
1 0 0 0
29.75794 -87.62691 6.503474
-0.3154589 -0.7072146 0.6327189
255 255 255 255
0.945503 0.169278
0 0 0 0
1 0 0 0
29.90317 -87.62691 6.572742
-0.2255625 -0.832138 0.506624
255 255 255 255
0.956773 0.183928
0 0 0 0
1 0 0 0
30.05182 -87.62691 6.634316
-0.2866529 -0.6001318 0.7467744
255 255 255 255
0.96679 0.198923
0 0 0 0
1 0 0 0
30.20349 -87.62691 6.688021
-0.1713736 -0.8321379 0.5274255
255 255 255 255
0.975528 0.214223
0 0 0 0
1 0 0 0
30.20349 3.073086 6.688031
-0.2471866 0.6001313 0.7607505
255 255 255 255
0.975528 0.59417
0 0 0 0
1 0 0 0
31.31403 -87.62691 0.696129
0.03082389 -0.7072131 -0.7063282
255 255 255 255
0.000688 0.326252
0 0 0 0
1 0 0 0
31.47443 -87.62691 0.708716
0.06770806 -0.7072163 -0.7037476
255 255 255 255
0.002736 0.342433
0 0 0 0
1 0 0 0
31.31403 3.073086 0.696139
0.04307559 0.7072133 -0.7056867
255 255 255 255
0.000687 0.706199
0 0 0 0
1 0 0 0
31.47443 3.073086 0.708727
0.08008854 0.7072164 -0.7024463
255 255 255 255
0.002735 0.72238
0 0 0 0
1 0 0 0
29.61654 3.073086 1.103611
-0.2773682 0.8321397 -0.4802191
255 255 255 255
0.06698 0.53496
0 0 0 0
1 0 0 0
29.47935 3.073086 1.187764
-0.4356811 0.6001298 -0.67084
255 255 255 255
0.080672 0.521121
0 0 0 0
1 0 0 0
31.63395 3.073086 0.729765
0.1167143 0.7072134 -0.6972998
255 255 255 255
0.006158 0.738472
0 0 0 0
1 0 0 0
29.34675 3.073086 1.278871
-0.3259595 0.8321388 -0.4486595
255 255 255 255
0.095494 0.507744
0 0 0 0
1 0 0 0
31.79216 3.073086 0.759077
0.1530832 0.7072155 -0.6902259
255 255 255 255
0.010927 0.754432
0 0 0 0
1 0 0 0
31.94861 3.073086 0.796664
0.1435562 0.8321372 -0.5356671
255 255 255 255
0.017042 0.770214
0 0 0 0
1 0 0 0
29.2191 3.073086 1.376843
-0.4401503 0.7072139 -0.5532777
255 255 255 255
0.111433 0.494867
0 0 0 0
1 0 0 0
29.09675 3.073086 1.481331
-0.468447 0.7072144 -0.529533
255 255 255 255
0.128433 0.482525
0 0 0 0
1 0 0 0
32.10289 3.073086 0.84235
0.2471252 0.6001316 -0.7607701
255 255 255 255
0.024475 0.785777
0 0 0 0
1 0 0 0
28.98005 3.073086 1.592067
-0.5655997 0.6001319 -0.5656313
255 255 255 255
0.146449 0.470752
0 0 0 0
1 0 0 0
32.25455 3.073086 0.896046
0.258992 0.7072138 -0.6578538
255 255 255 255
0.033211 0.801077
0 0 0 0
1 0 0 0
32.25455 -87.62691 0.896035
0.2475065 -0.7072138 -0.6622608
255 255 255 255
0.033211 0.421131
0 0 0 0
1 0 0 0
32.40321 -87.62691 0.957565
0.2818157 -0.7072156 -0.6484026
255 255 255 255
0.043222 0.436126
0 0 0 0
1 0 0 0
28.86928 3.073086 1.70879
-0.4121378 0.8321382 -0.3710639
255 255 255 255
0.165439 0.459578
0 0 0 0
1 0 0 0
28.86928 -87.62691 1.708779
-0.594462 -0.6001319 -0.5352165
255 255 255 255
0.165439 0.07963198
0 0 0 0
1 0 0 0
28.98005 -87.62691 1.592056
-0.3921281 -0.8321382 -0.39215
255 255 255 255
0.146449 0.09080499
0 0 0 0
1 0 0 0
29.09675 -87.62691 1.48132
-0.4776154 -0.7072144 -0.5212786
255 255 255 255
0.128433 0.102578
0 0 0 0
1 0 0 0
28.41486 -87.62691 5.160409
-0.6271093 -0.7072146 0.3264681
255 255 255 255
0.726996 0.03379101
0 0 0 0
1 0 0 0
28.34559 -87.62691 5.015184
-0.6433406 -0.7072144 0.2931901
255 255 255 255
0.703368 0.02680302
0 0 0 0
1 0 0 0
28.41486 3.073086 5.16042
-0.6327153 0.7072146 0.3154661
255 255 255 255
0.726996 0.413737
0 0 0 0
1 0 0 0
28.49164 3.073086 5.301816
-0.6153322 0.7072145 0.3481581
255 255 255 255
0.75 0.421482
0 0 0 0
1 0 0 0
34.22227 3.073086 3.926023
0.7056808 0.7072146 0.04315377
255 255 255 255
0.526168 0.999575
0 0 0 0
1 0 0 0
34.22647 3.073086 3.765182
0.7999015 0.6001313 -3.129929E-08
255 255 255 255
0.5 1
0 0 0 0
1 0 0 0
34.22227 -87.62691 3.926013
0.7063267 -0.7072145 0.03082407
255 255 255 255
0.526168 0.619629
0 0 0 0
1 0 0 0
34.22647 -87.62691 3.765171
0.5545689 -0.8321378 -4.288271E-08
255 255 255 255
0.5 0.620054
0 0 0 0
1 0 0 0
34.22227 -87.62691 3.60433
0.7988039 -0.6001321 -0.04187908
255 255 255 255
0.473832 0.619629
0 0 0 0
1 0 0 0
34.22227 3.073086 3.604341
0.5538076 0.8321384 -0.0290346
255 255 255 255
0.473832 0.999576
0 0 0 0
1 0 0 0
28.34559 3.073086 5.015194
-0.6483604 0.7072144 0.2819157
255 255 255 255
0.703368 0.40675
0 0 0 0
1 0 0 0
28.28402 3.073086 4.866545
-0.6622297 0.7072146 0.2475871
255 255 255 255
0.679184 0.400538
0 0 0 0
1 0 0 0
34.20963 3.073086 3.44394
0.7037431 0.7072139 -0.06777893
255 255 255 255
0.447736 0.998301
0 0 0 0
1 0 0 0
28.23032 3.073086 4.714877
-0.5274288 0.832138 0.1713628
255 255 255 255
0.654509 0.395121
0 0 0 0
1 0 0 0
34.18864 3.073086 3.284419
0.6992368 0.7072148 -0.1044758
255 255 255 255
0.421783 0.996183
0 0 0 0
1 0 0 0
28.18462 3.073086 4.560602
-0.7726468 0.6001316 0.207024
255 255 255 255
0.629409 0.390511
0 0 0 0
1 0 0 0
34.15932 3.073086 3.12621
0.6928055 0.7072144 -0.1409544
255 255 255 255
0.396044 0.993226
0 0 0 0
1 0 0 0
28.14706 -87.62691 4.404143
-0.6902406 -0.7072145 0.1530215
255 255 255 255
0.603956 0.006775022
0 0 0 0
1 0 0 0
28.18462 -87.62691 4.560592
-0.5356732 -0.832138 0.143529
255 255 255 255
0.629409 0.01056403
0 0 0 0
1 0 0 0
28.23032 -87.62691 4.714866
-0.7607553 -0.6001316 0.2471711
255 255 255 255
0.654509 0.01517397
0 0 0 0
1 0 0 0
28.66684 -87.62691 1.958773
-0.4486355 -0.8321381 -0.3259943
255 255 255 255
0.206111 0.05921
0 0 0 0
1 0 0 0
28.7648 -87.62691 1.831135
-0.5532926 -0.7072139 -0.4401316
255 255 255 255
0.185345 0.06909102
0 0 0 0
1 0 0 0
28.28402 -87.62691 4.866535
-0.657805 -0.7072146 0.2591143
255 255 255 255
0.679184 0.02059197
0 0 0 0
1 0 0 0
28.57571 -87.62691 2.091349
-0.6708389 -0.6001317 -0.4356801
255 255 255 255
0.22768 0.050017
0 0 0 0
1 0 0 0
34.07605 -87.62691 4.714866
0.5274261 -0.8321378 0.1713719
255 255 255 255
0.654509 0.604879
0 0 0 0
1 0 0 0
34.07605 3.073086 4.714877
0.7607512 0.6001313 0.2471842
255 255 255 255
0.654509 0.984826
0 0 0 0
1 0 0 0
34.12176 -87.62691 4.560592
0.772642 -0.6001318 0.2070416
255 255 255 255
0.62941 0.60949
0 0 0 0
1 0 0 0
34.12176 3.073086 4.560602
0.5356697 0.8321381 0.1435411
255 255 255 255
0.62941 0.989436
0 0 0 0
1 0 0 0
28.86928 3.073086 5.8216
-0.5295172 0.7072147 0.4684642
255 255 255 255
0.834565 0.459578
0 0 0 0
1 0 0 0
28.98005 3.073086 5.938314
-0.5042597 0.7072142 0.4955504
255 255 255 255
0.853554 0.470752
0 0 0 0
1 0 0 0
28.86928 -87.62691 5.82159
-0.5212469 -0.7072148 0.4776493
255 255 255 255
0.834565 0.07963198
0 0 0 0
1 0 0 0
29.75794 -87.62691 1.026842
-0.2518768 -0.8321391 -0.4940673
255 255 255 255
0.054492 0.169278
0 0 0 0
1 0 0 0
29.61654 -87.62691 1.103688
-0.4000767 -0.6001321 -0.6926617
255 255 255 255
0.066995 0.155014
0 0 0 0
1 0 0 0
28.7648 -87.62691 5.699243
-0.5455416 -0.7072141 0.4497026
255 255 255 255
0.81466 0.06909102
0 0 0 0
1 0 0 0
29.47935 -87.62691 1.187754
-0.3020017 -0.8321376 -0.4651258
255 255 255 255
0.080672 0.141174
0 0 0 0
1 0 0 0
28.66684 -87.62691 5.571596
-0.5683191 -0.7072149 0.4205478
255 255 255 255
0.793893 0.05921
0 0 0 0
1 0 0 0
28.7648 3.073086 5.699253
-0.5532964 0.7072141 0.4401265
255 255 255 255
0.81466 0.449038
0 0 0 0
1 0 0 0
28.66684 3.073086 5.571607
-0.5755866 0.7072148 0.4105449
255 255 255 255
0.793893 0.439156
0 0 0 0
1 0 0 0
34.15932 3.073086 4.404154
0.7824208 0.6001315 0.1663125
255 255 255 255
0.603957 0.993226
0 0 0 0
1 0 0 0
34.18864 3.073086 4.245944
0.54774 0.832138 0.08675954
255 255 255 255
0.578217 0.996183
0 0 0 0
1 0 0 0
34.18864 -87.62691 4.245943
0.9581773 -0.2426139 0.1517719
255 255 255 255
0.578218 0.616237
0 0 0 0
1 0 0 0
34.15932 -87.62691 4.404143
0.6915353 -0.7072278 0.1469955
255 255 255 255
0.603957 0.613279
0 0 0 0
1 0 0 0
34.20964 -87.62691 4.086413
0.7037443 -0.7072145 0.06776065
255 255 255 255
0.552264 0.618356
0 0 0 0
1 0 0 0
34.20964 3.073086 4.086423
0.7024537 0.7072146 0.08003961
255 255 255 255
0.552264 0.998302
0 0 0 0
1 0 0 0
28.57571 3.073086 5.439004
-0.596278 0.7072141 0.3798693
255 255 255 255
0.772319 0.429964
0 0 0 0
1 0 0 0
28.49164 -87.62691 5.301805
-0.6091612 -0.7072145 0.3588459
255 255 255 255
0.75 0.04153597
0 0 0 0
1 0 0 0
28.57571 -87.62691 5.438994
-0.5895661 -0.7072142 0.3902051
255 255 255 255
0.77232 0.050017
0 0 0 0
1 0 0 0
29.2191 -87.62691 1.376833
-0.4497144 -0.7072139 -0.5455323
255 255 255 255
0.111434 0.114921
0 0 0 0
1 0 0 0
29.34675 -87.62691 1.27886
-0.4701594 -0.6001328 -0.6471404
255 255 255 255
0.095494 0.127798
0 0 0 0
1 0 0 0
476 # faces
0 2 1
0 3 2
4 3 0
3 4 5
4 6 5
4 7 6
7 4 8
9 7 8
10 7 9
7 10 11
10 12 11
12 10 13
13 10 14
14 10 15
16 14 15
17 14 16
18 17 16
19 17 18
20 17 19
21 17 20
17 21 13
21 22 13
23 22 21
24 22 23
22 24 25
25 24 26
26 24 27
27 24 28
24 29 28
28 29 30
29 31 30
23 31 29
32 31 23
31 32 33
33 32 34
34 32 20
35 34 20
35 36 34
36 35 37
37 35 38
35 19 38
37 38 39
38 40 39
38 18 40
18 41 40
41 18 42
42 43 41
44 43 42
44 15 43
43 15 9
15 44 42
43 45 41
8 45 43
8 0 45
41 45 40
45 1 40
40 1 39
1 46 39
39 46 47
46 48 47
46 2 48
48 2 49
2 50 49
50 51 49
51 50 52
50 53 52
50 3 53
53 54 52
55 54 53
56 54 55
56 57 54
57 56 58
58 56 59
56 60 59
59 60 61
60 62 61
55 62 60
63 62 55
62 63 64
64 63 6
11 64 6
65 64 11
66 64 65
67 66 65
66 67 68
68 67 69
67 26 69
68 69 70
69 71 70
69 27 71
27 72 71
71 72 73
73 72 74
72 75 74
28 75 72
75 28 76
75 76 77
77 76 78
76 79 78
80 79 76
79 80 81
81 80 82
80 83 82
31 83 80
83 84 82
84 83 85
83 33 85
85 33 86
87 85 86
88 85 87
88 89 85
89 88 90
90 88 91
92 90 91
93 90 92
94 90 93
95 94 93
96 94 95
89 94 96
97 89 96
84 89 97
97 96 98
96 99 98
98 99 100
100 99 101
99 93 101
102 100 101
102 103 100
103 102 104
104 102 105
102 106 105
105 106 107
106 108 107
101 108 106
92 108 101
107 108 109
108 110 109
110 108 91
110 91 87
111 110 87
110 111 112
112 111 113
111 36 113
47 112 113
114 112 47
112 114 115
114 116 115
48 116 114
117 116 48
117 118 116
117 119 118
51 119 117
119 51 120
119 120 121
120 122 121
123 122 120
123 57 122
122 57 124
124 57 125
126 124 125
127 124 126
128 127 126
129 127 128
130 127 129
131 127 130
127 131 122
131 130 132
132 130 133
130 134 133
135 134 130
134 135 136
136 135 137
137 135 138
138 135 139
135 129 139
140 138 139
141 138 140
138 141 142
142 141 143
143 141 144
145 143 144
145 146 143
145 147 146
148 147 145
147 148 149
148 150 149
148 151 150
151 148 152
153 151 152
154 151 153
151 154 155
154 156 155
154 157 156
157 154 158
159 157 158
160 157 159
159 161 160
162 161 159
162 128 161
162 139 128
163 162 159
140 162 163
144 140 163
152 144 163
153 163 159
161 164 160
125 164 161
125 58 164
58 165 164
164 165 156
160 164 156
158 153 159
157 160 156
156 165 155
165 166 155
59 166 165
166 59 167
166 167 150
155 166 150
158 154 153
153 152 163
151 155 150
150 167 149
167 168 149
169 168 167
168 169 70
168 70 170
170 70 171
172 170 171
172 147 170
173 172 171
172 173 174
174 173 175
173 176 175
176 173 73
175 176 177
176 178 177
178 176 74
178 74 77
179 178 77
178 179 180
180 179 181
179 182 181
181 182 183
182 184 183
184 182 185
182 78 185
184 185 186
185 81 186
81 98 186
103 184 186
184 103 187
183 184 187
188 183 187
189 183 188
183 189 190
189 191 190
192 191 189
193 191 192
193 194 191
193 195 194
196 195 193
195 196 197
196 198 197
198 196 199
199 196 200
200 196 201
202 200 201
203 200 202
204 203 202
205 203 204
203 205 133
203 133 199
206 205 204
207 205 206
205 207 132
207 121 132
118 207 206
118 206 208
206 209 208
209 206 210
209 210 211
211 210 212
210 213 212
202 213 210
212 213 188
213 192 188
201 192 213
104 212 188
105 211 212
211 105 214
214 209 211
208 209 214
115 208 214
109 115 214
210 206 204
204 202 210
202 201 213
200 203 199
199 136 198
136 215 198
216 215 136
215 216 217
217 216 218
218 216 219
219 216 220
216 137 220
219 220 221
220 142 221
221 142 222
223 221 222
224 221 223
225 224 223
226 224 225
227 224 226
227 219 224
228 227 226
228 229 227
230 229 228
231 229 230
232 229 231
229 232 217
217 232 233
197 217 233
231 233 232
234 233 231
234 195 233
230 234 231
234 230 235
194 234 235
194 235 236
235 237 236
235 228 237
236 237 238
238 237 239
237 226 239
180 238 239
177 180 239
190 236 238
181 190 238
235 230 228
229 218 227
228 226 237
239 226 225
225 175 239
175 225 223
222 146 223
223 146 174
219 221 224
227 218 219
218 229 217
215 217 197
198 215 197
195 197 233
201 196 193
195 234 194
194 236 191
201 193 192
191 236 190
188 192 189
187 104 188
181 183 190
180 181 238
77 182 179
177 178 180
239 175 177
174 175 223
146 172 174
173 171 73
61 169 167
149 168 170
147 149 170
152 148 145
147 172 146
146 222 143
152 145 144
222 142 143
220 138 142
141 140 144
140 139 162
220 137 138
137 216 136
134 136 199
133 134 199
205 132 133
121 131 132
129 135 130
139 129 128
161 128 126
126 125 161
124 127 122
52 123 120
122 131 121
207 119 121
119 207 118
118 208 116
116 208 115
109 112 115
113 37 47
87 36 111
109 110 112
107 109 214
214 105 107
104 105 212
187 103 104
103 186 100
106 102 101
186 98 100
97 98 81
96 95 99
95 93 99
101 93 92
108 92 91
94 89 90
91 88 87
86 36 87
85 89 84
82 84 97
82 97 81
79 81 185
30 80 76
78 79 185
78 182 77
74 75 77
176 73 74
171 71 73
70 71 171
70 169 68
169 66 68
62 66 169
67 65 25
25 65 12
66 62 64
63 55 5
61 62 169
167 59 61
58 59 165
125 57 58
57 123 54
60 56 55
5 55 53
54 123 52
51 52 120
49 51 117
49 117 48
47 48 114
37 39 47
113 36 37
36 86 34
86 33 34
83 31 33
32 23 20
30 31 80
76 28 30
27 28 72
69 26 27
26 67 25
29 24 23
22 25 13
20 23 21
19 35 20
38 19 18
42 18 16
16 15 42
14 17 13
13 25 12
12 65 11
15 10 9
9 8 43
7 11 6
6 63 5
3 5 53
8 4 0
3 50 2
2 46 1
0 1 45
4_Object.3_0.1_0_0
1 # uv layers
2 # textures
pole1_D.png
0 # uv layer index
pole1_N.png
0 # uv layer index
240 # vertices
229.693 3.073082 3.765182
-0.7069721 0.7072144 -0.006170402
255 255 255 255
0.5 0.379946
0 0 0 0
1 0 0 0
229.693 -87.62691 3.765172
-0.7069721 -0.7072144 0.006170402
255 255 255 255
0.5 0
0 0 0 0
1 0 0 0
229.6973 3.073082 3.926023
-0.7988058 0.6001315 0.04185086
255 255 255 255
0.526168 0.380372
0 0 0 0
1 0 0 0
235.5739 3.073082 2.51517
0.6483611 0.7072147 -0.2819134
255 255 255 255
0.296632 0.973197
0 0 0 0
1 0 0 0
235.5046 3.073082 2.369945
0.6327119 0.7072142 -0.3154738
255 255 255 255
0.273004 0.966209
0 0 0 0
1 0 0 0
235.5739 -87.62691 2.51516
0.6433341 -0.7072148 -0.293204
255 255 255 255
0.296632 0.59325
0 0 0 0
1 0 0 0
235.5046 -87.62691 2.369943
0.6271179 -0.7072141 -0.3264528
255 255 255 255
0.273006 0.586263
0 0 0 0
1 0 0 0
235.4279 3.073082 2.228549
0.6153555 0.7072144 -0.3481168
255 255 255 255
0.25 0.958464
0 0 0 0
1 0 0 0
229.6973 3.073082 3.604341
-0.7056813 0.7072144 -0.04314809
255 255 255 255
0.473832 0.380372
0 0 0 0
1 0 0 0
229.7099 3.073082 3.443941
-0.5515292 0.8321384 -0.05797707
255 255 255 255
0.447736 0.381645
0 0 0 0
1 0 0 0
235.3438 3.073082 2.09136
0.6708368 0.6001325 -0.4356822
255 255 255 255
0.22768 0.949984
0 0 0 0
1 0 0 0
235.4279 -87.62691 2.228539
0.6091875 -0.7072145 -0.3588012
255 255 255 255
0.25 0.578518
0 0 0 0
1 0 0 0
235.3438 -87.62691 2.09135
0.4650883 -0.8321385 -0.3020566
255 255 255 255
0.227681 0.570037
0 0 0 0
1 0 0 0
235.2527 -87.62691 1.958774
0.6470984 -0.6001311 -0.4702194
255 255 255 255
0.206111 0.560844
0 0 0 0
1 0 0 0
235.2527 3.073082 1.958784
0.4486311 0.8321378 -0.3260015
255 255 255 255
0.206111 0.94079
0 0 0 0
1 0 0 0
229.7309 3.073082 3.28442
-0.7900533 0.600131 -0.125134
255 255 255 255
0.421783 0.383764
0 0 0 0
1 0 0 0
229.7602 3.073082 3.126211
-0.5424505 0.8321384 -0.1152959
255 255 255 255
0.396043 0.386722
0 0 0 0
1 0 0 0
235.1547 3.073082 1.831146
0.6216437 0.6001312 -0.5033901
255 255 255 255
0.185345 0.93091
0 0 0 0
1 0 0 0
229.7978 3.073082 2.969762
-0.7726404 0.6001315 -0.2070484
255 255 255 255
0.37059 0.390511
0 0 0 0
1 0 0 0
235.0502 3.073082 1.708791
0.4121345 0.8321381 -0.3710678
255 255 255 255
0.165439 0.920368
0 0 0 0
1 0 0 0
235.0502 -87.62691 1.70878
0.5944571 -0.6001318 -0.535222
255 255 255 255
0.165439 0.540422
0 0 0 0
1 0 0 0
235.1547 -87.62691 1.831136
0.4309838 -0.8321378 -0.3489982
255 255 255 255
0.185346 0.550963
0 0 0 0
1 0 0 0
234.4402 -87.62691 6.342634
0.3020212 -0.8321379 0.4651124
255 255 255 255
0.919336 0.478879
0 0 0 0
1 0 0 0
234.303 -87.62691 6.426699
0.3999556 -0.6001313 0.6927323
255 255 255 255
0.933013 0.46504
0 0 0 0
1 0 0 0
234.4402 3.073082 6.342644
0.4356299 0.6001315 0.6708716
255 255 255 255
0.919336 0.858826
0 0 0 0
1 0 0 0
234.5728 -87.62691 6.2515
0.4701624 -0.600132 0.647139
255 255 255 255
0.904509 0.492256
0 0 0 0
1 0 0 0
234.5728 3.073082 6.251511
0.3259617 0.8321383 0.4486589
255 255 255 255
0.904509 0.872203
0 0 0 0
1 0 0 0
232.2856 3.073082 6.800617
-0.1166762 0.7072147 0.6973049
255 255 255 255
0.993845 0.641474
0 0 0 0
1 0 0 0
232.4451 3.073082 6.821611
-0.08360058 0.6001315 0.7955207
255 255 255 255
0.99726 0.657567
0 0 0 0
1 0 0 0
234.303 3.073082 6.426709
0.2772878 0.8321378 0.4802689
255 255 255 255
0.933012 0.844987
0 0 0 0
1 0 0 0
232.6055 3.073082 6.834234
-0.02902978 0.8321379 0.5538084
255 255 255 255
0.999314 0.673748
0 0 0 0
1 0 0 0
234.1616 3.073082 6.503485
0.3631535 0.6001319 0.712714
255 255 255 255
0.945503 0.830723
0 0 0 0
1 0 0 0
234.1616 -87.62691 6.503475
0.2517722 -0.8321383 0.494122
255 255 255 255
0.945503 0.450776
0 0 0 0
1 0 0 0
234.0163 -87.62691 6.572742
0.2931768 -0.7072144 0.6433468
255 255 255 255
0.956773 0.436126
0 0 0 0
1 0 0 0
234.9395 -87.62691 1.592057
0.4955097 -0.7072149 -0.5042987
255 255 255 255
0.146449 0.529249
0 0 0 0
1 0 0 0
234.9395 3.073082 1.592068
0.5042554 0.707215 -0.4955538
255 255 255 255
0.146449 0.909196
0 0 0 0
1 0 0 0
234.8228 3.073082 1.481332
0.5352022 0.6001312 -0.5944754
255 255 255 255
0.128433 0.897422
0 0 0 0
1 0 0 0
229.8972 3.073082 2.663819
-0.6577981 0.7072151 -0.2591304
255 255 255 255
0.320816 0.400538
0 0 0 0
1 0 0 0
229.8435 3.073082 2.815488
-0.6704743 0.7072141 -0.2243043
255 255 255 255
0.345491 0.395121
0 0 0 0
1 0 0 0
229.8972 -87.62691 2.663809
-0.662233 -0.7072151 -0.2475767
255 255 255 255
0.320816 0.02059197
0 0 0 0
1 0 0 0
229.8435 -87.62691 2.815477
-0.6742812 -0.7072141 -0.2125864
255 255 255 255
0.345491 0.01517397
0 0 0 0
1 0 0 0
229.7978 -87.62691 2.969751
-0.5356692 -0.8321379 -0.1435441
255 255 255 255
0.37059 0.01056498
0 0 0 0
1 0 0 0
229.7602 -87.62691 3.126209
-0.8748236 -0.4473367 -0.1859399
255 255 255 255
0.396045 0.006775022
0 0 0 0
1 0 0 0
229.7099 -87.62691 3.44393
-0.7955176 -0.600132 -0.08362519
255 255 255 255
0.447736 0.001698971
0 0 0 0
1 0 0 0
229.7309 -87.62691 3.284409
-0.8833543 -0.4473357 -0.139914
255 255 255 255
0.421783 0.003817976
0 0 0 0
1 0 0 0
229.6973 -87.62691 3.604331
-0.7063267 -0.7072144 -0.03082958
255 255 255 255
0.473832 0.0004249811
0 0 0 0
1 0 0 0
229.6973 -87.62691 3.926013
-0.5538092 -0.8321379 0.02901505
255 255 255 255
0.526168 0.0004249811
0 0 0 0
1 0 0 0
229.9587 -87.62691 2.51516
-0.7307419 -0.600131 -0.3253597
255 255 255 255
0.296631 0.02680302
0 0 0 0
1 0 0 0
229.7099 -87.62691 4.086414
-0.7955176 -0.6001321 0.08362524
255 255 255 255
0.552264 0.001698971
0 0 0 0
1 0 0 0
229.7099 3.073082 4.086424
-0.5515292 0.8321384 0.05797694
255 255 255 255
0.552264 0.381645
0 0 0 0
1 0 0 0
235.6355 3.073082 2.663819
0.6622261 0.7072144 -0.2475971
255 255 255 255
0.320816 0.979408
0 0 0 0
1 0 0 0
235.6892 3.073082 2.815488
0.6742747 0.7072144 -0.2126058
255 255 255 255
0.345491 0.984826
0 0 0 0
1 0 0 0
235.6892 -87.62691 2.815477
0.6704606 -0.7072145 -0.2243441
255 255 255 255
0.345491 0.60488
0 0 0 0
1 0 0 0
235.6355 -87.62691 2.663809
0.6578059 -0.7072144 -0.2591124
255 255 255 255
0.320816 0.599462
0 0 0 0
1 0 0 0
235.1547 -87.62691 5.699243
0.5533059 -0.7072144 0.4401139
255 255 255 255
0.81466 0.550963
0 0 0 0
1 0 0 0
235.0502 -87.62691 5.82159
0.5944369 -0.6001319 0.5352444
255 255 255 255
0.834566 0.540422
0 0 0 0
1 0 0 0
235.1547 3.073082 5.699254
0.5455405 0.7072145 0.4497037
255 255 255 255
0.81466 0.93091
0 0 0 0
1 0 0 0
235.2527 3.073082 5.571607
0.6471277 0.6001314 0.4701787
255 255 255 255
0.793893 0.94079
0 0 0 0
1 0 0 0
231.3711 3.073082 6.503485
-0.326452 0.7072145 0.6271178
255 255 255 255
0.945503 0.549224
0 0 0 0
1 0 0 0
231.5163 3.073082 6.572753
-0.3253396 0.6001315 0.7307506
255 255 255 255
0.956773 0.563874
0 0 0 0
1 0 0 0
235.0502 3.073082 5.821601
0.4121205 0.8321382 0.3710833
255 255 255 255
0.834565 0.920368
0 0 0 0
1 0 0 0
231.665 3.073082 6.634327
-0.1987415 0.832138 0.5177336
255 255 255 255
0.96679 0.57887
0 0 0 0
1 0 0 0
234.9395 3.073082 5.938314
0.565603 0.6001315 0.5656284
255 255 255 255
0.853554 0.909196
0 0 0 0
1 0 0 0
234.9395 -87.62691 5.938304
0.3921304 -0.832138 0.392148
255 255 255 255
0.853554 0.529249
0 0 0 0
1 0 0 0
234.8228 -87.62691 6.049058
0.4776402 -0.7072144 0.5212559
255 255 255 255
0.871573 0.517475
0 0 0 0
1 0 0 0
234.7004 -87.62691 6.153554
0.4497172 -0.7072145 0.5455292
255 255 255 255
0.888574 0.505133
0 0 0 0
1 0 0 0
234.8228 3.073082 6.049069
0.4684736 0.7072143 0.5295095
255 255 255 255
0.871573 0.897422
0 0 0 0
1 0 0 0
234.7004 3.073082 6.153564
0.440128 0.7072144 0.5532948
255 255 255 255
0.888574 0.885079
0 0 0 0
1 0 0 0
231.9709 3.073082 6.733735
-0.1435387 0.8321381 0.5356706
255 255 255 255
0.982963 0.609733
0 0 0 0
1 0 0 0
232.1273 3.073082 6.771296
-0.1530266 0.7072145 0.6902395
255 255 255 255
0.989074 0.625515
0 0 0 0
1 0 0 0
231.9709 -87.62691 6.733724
-0.2070381 -0.6001318 0.772643
255 255 255 255
0.982963 0.229786
0 0 0 0
1 0 0 0
232.1273 -87.62691 6.771285
-0.1409524 -0.7072145 0.6928059
255 255 255 255
0.989074 0.245569
0 0 0 0
1 0 0 0
232.2856 -87.62691 6.800606
-0.1044873 -0.7072147 0.6992353
255 255 255 255
0.993845 0.261528
0 0 0 0
1 0 0 0
233.2471 -87.62691 0.729755
0.1045918 -0.7072132 -0.6992211
255 255 255 255
0.006158 0.358525
0 0 0 0
1 0 0 0
233.4053 -87.62691 0.759068
0.1409568 -0.7072154 -0.6928042
255 255 255 255
0.010927 0.374485
0 0 0 0
1 0 0 0
232.4451 -87.62691 6.821609
-0.05796766 -0.8321381 0.5515306
255 255 255 255
0.997262 0.27762
0 0 0 0
1 0 0 0
232.6055 -87.62691 6.834232
-0.04186204 -0.6001316 0.7988051
255 255 255 255
0.999316 0.293801
0 0 0 0
1 0 0 0
233.5618 -87.62691 0.796655
0.2070695 -0.6001304 -0.7726356
255 255 255 255
0.017043 0.390268
0 0 0 0
1 0 0 0
233.716 -87.62691 0.84234
0.1713326 -0.8321379 -0.5274386
255 255 255 255
0.024475 0.405831
0 0 0 0
1 0 0 0
232.7663 -87.62691 6.83844
0 -0.8321379 0.5545688
255 255 255 255
1 0.310027
0 0 0 0
1 0 0 0
232.7663 3.073082 6.83845
0 0.6001316 0.7999013
255 255 255 255
1 0.689973
0 0 0 0
1 0 0 0
232.9272 -87.62691 6.834232
0.04186204 -0.6001316 0.7988051
255 255 255 255
0.999316 0.326252
0 0 0 0
1 0 0 0
232.9272 3.073082 6.834234
0.02902978 0.8321379 0.5538084
255 255 255 255
0.999314 0.706199
0 0 0 0
1 0 0 0
234.0163 3.073082 6.572753
0.2819098 0.7072144 0.6483631
255 255 255 255
0.956773 0.816073
0 0 0 0
1 0 0 0
233.8677 3.073082 6.634327
0.1987333 0.8321381 0.5177367
255 255 255 255
0.96679 0.801077
0 0 0 0
1 0 0 0
233.8677 -87.62691 6.634316
0.2866499 -0.6001318 0.7467755
255 255 255 255
0.966791 0.421131
0 0 0 0
1 0 0 0
234.8228 -87.62691 1.481321
0.3710533 -0.8321378 -0.4121482
255 255 255 255
0.128433 0.517475
0 0 0 0
1 0 0 0
234.7004 -87.62691 1.376834
0.5034348 -0.6001306 -0.621608
255 255 255 255
0.111434 0.505133
0 0 0 0
1 0 0 0
233.716 -87.62691 6.688021
0.1713751 -0.8321378 0.5274251
255 255 255 255
0.975528 0.405831
0 0 0 0
1 0 0 0
233.716 3.073082 6.688032
0.2471887 0.6001312 0.7607498
255 255 255 255
0.975528 0.785777
0 0 0 0
1 0 0 0
233.5618 -87.62691 6.733724
0.1889592 -0.7072147 0.6812796
255 255 255 255
0.982964 0.390268
0 0 0 0
1 0 0 0
234.5728 -87.62691 1.278861
0.4105124 -0.7072158 -0.5756087
255 255 255 255
0.095494 0.492256
0 0 0 0
1 0 0 0
234.4402 -87.62691 1.187755
0.3019895 -0.8321375 -0.4651339
255 255 255 255
0.080672 0.47888
0 0 0 0
1 0 0 0
233.4053 -87.62691 6.771285
0.1530219 -0.7072146 0.6902403
255 255 255 255
0.989074 0.374485
0 0 0 0
1 0 0 0
233.5618 3.073082 6.733735
0.2083225 0.5548173 0.8054685
255 255 255 255
0.982963 0.770214
0 0 0 0
1 0 0 0
233.4053 3.073082 6.771296
0.1891198 0.3163145 0.9296122
255 255 255 255
0.989074 0.754432
0 0 0 0
1 0 0 0
233.2471 3.073082 6.800617
0.1044897 0.7072144 0.6992351
255 255 255 255
0.993845 0.738472
0 0 0 0
1 0 0 0
233.0876 3.073082 6.821611
0.0677496 0.7072144 0.7037457
255 255 255 255
0.99726 0.72238
0 0 0 0
1 0 0 0
233.0876 -87.62691 6.821609
0.08002832 -0.7072144 0.7024552
255 255 255 255
0.997262 0.342433
0 0 0 0
1 0 0 0
233.2471 -87.62691 6.800606
0.1166848 -0.7072144 0.6973038
255 255 255 255
0.993845 0.358525
0 0 0 0
1 0 0 0
234.1616 -87.62691 1.026843
0.3155603 -0.7072161 -0.6326666
255 255 255 255
0.054493 0.450776
0 0 0 0
1 0 0 0
234.303 -87.62691 1.103689
0.4000862 -0.6001319 -0.6926563
255 255 255 255
0.066995 0.46504
0 0 0 0
1 0 0 0
234.1616 3.073082 1.026854
0.3265407 0.7072151 -0.627071
255 255 255 255
0.054492 0.830723
0 0 0 0
1 0 0 0
234.0163 3.073082 0.957577
0.2931455 0.7072156 -0.6433597
255 255 255 255
0.043222 0.816073
0 0 0 0
1 0 0 0
230.3779 3.073082 1.831146
-0.5455459 0.7072142 -0.4496974
255 255 255 255
0.185345 0.449038
0 0 0 0
1 0 0 0
230.28 3.073082 1.958784
-0.6471165 0.6001316 -0.470194
255 255 255 255
0.206111 0.439156
0 0 0 0
1 0 0 0
234.303 3.073082 1.103612
0.2773748 0.8321396 -0.4802156
255 255 255 255
0.066981 0.844987
0 0 0 0
1 0 0 0
230.1889 3.073082 2.09136
-0.4650886 0.8321381 -0.3020577
255 255 255 255
0.22768 0.429964
0 0 0 0
1 0 0 0
234.4402 3.073082 1.187765
0.4356634 0.6001296 -0.6708516
255 255 255 255
0.080672 0.858826
0 0 0 0
1 0 0 0
230.1048 3.073082 2.228549
-0.6091555 0.7072144 -0.3588557
255 255 255 255
0.25 0.421482
0 0 0 0
1 0 0 0
234.5728 3.073082 1.278872
0.4205622 0.7072159 -0.5683072
255 255 255 255
0.095494 0.872203
0 0 0 0
1 0 0 0
234.7004 3.073082 1.376844
0.3490297 0.8321375 -0.4309589
255 255 255 255
0.111434 0.88508
0 0 0 0
1 0 0 0
230.028 3.073082 2.369945
-0.7127161 0.600132 -0.363149
255 255 255 255
0.273004 0.413737
0 0 0 0
1 0 0 0
229.9587 3.073082 2.51517
-0.5066221 0.8321376 -0.2255681
255 255 255 255
0.296631 0.40675
0 0 0 0
1 0 0 0
230.028 -87.62691 2.369943
-0.4941235 -0.8321382 -0.2517695
255 255 255 255
0.273006 0.03379101
0 0 0 0
1 0 0 0
230.1048 -87.62691 2.228539
-0.6153268 -0.7072144 -0.3481675
255 255 255 255
0.25 0.04153597
0 0 0 0
1 0 0 0
229.7309 -87.62691 4.245934
-0.6973057 -0.7072139 0.1166752
255 255 255 255
0.578217 0.003817022
0 0 0 0
1 0 0 0
229.7309 3.073082 4.245945
-0.6992318 0.7072139 0.1045144
255 255 255 255
0.578217 0.383764
0 0 0 0
1 0 0 0
229.7602 3.073082 4.404154
-0.6928096 0.7072149 0.1409325
255 255 255 255
0.603956 0.386722
0 0 0 0
1 0 0 0
235.7349 3.073082 2.969762
0.6844742 0.7072144 -0.1770392
255 255 255 255
0.370591 0.989436
0 0 0 0
1 0 0 0
235.7349 -87.62691 2.969751
0.6812815 -0.7072144 -0.1889534
255 255 255 255
0.370591 0.60949
0 0 0 0
1 0 0 0
235.7725 -87.62691 3.126201
0.6902385 -0.7072149 -0.153029
255 255 255 255
0.396044 0.613279
0 0 0 0
1 0 0 0
235.3438 -87.62691 5.438994
0.6708571 -0.600132 0.4356515
255 255 255 255
0.77232 0.570037
0 0 0 0
1 0 0 0
235.2527 -87.62691 5.571597
0.4486513 -0.8321379 0.3259732
255 255 255 255
0.793893 0.560844
0 0 0 0
1 0 0 0
235.3438 3.073082 5.439005
0.4651026 0.8321383 0.3020355
255 255 255 255
0.77232 0.949984
0 0 0 0
1 0 0 0
231.2297 3.073082 6.426709
-0.3588372 0.7072145 0.6091663
255 255 255 255
0.933012 0.53496
0 0 0 0
1 0 0 0
231.0925 3.073082 6.342644
-0.3020317 0.8321378 0.4651059
255 255 255 255
0.919335 0.521121
0 0 0 0
1 0 0 0
235.4279 3.073082 5.301816
0.6927491 0.6001315 0.3999259
255 255 255 255
0.75 0.958464
0 0 0 0
1 0 0 0
230.9599 3.073082 6.251511
-0.4105418 0.7072148 0.575589
255 255 255 255
0.904509 0.507744
0 0 0 0
1 0 0 0
235.5046 3.073082 5.16042
0.4941235 0.8321378 0.251771
255 255 255 255
0.726996 0.966209
0 0 0 0
1 0 0 0
235.5046 -87.62691 5.16041
0.7127163 -0.6001313 0.3631501
255 255 255 255
0.726996 0.586263
0 0 0 0
1 0 0 0
235.4279 -87.62691 5.301806
0.4802802 -0.8321379 0.2772675
255 255 255 255
0.75 0.578518
0 0 0 0
1 0 0 0
235.8018 -87.62691 3.284409
0.697309 -0.7072144 -0.1166536
255 255 255 255
0.421783 0.616237
0 0 0 0
1 0 0 0
235.8228 -87.62691 3.44393
0.7024546 -0.7072141 -0.08003586
255 255 255 255
0.447736 0.618355
0 0 0 0
1 0 0 0
235.5739 -87.62691 5.015184
0.5066218 -0.8321382 0.2255668
255 255 255 255
0.703369 0.59325
0 0 0 0
1 0 0 0
235.5739 3.073082 5.015195
0.7307435 0.6001319 0.3253546
255 255 255 255
0.703369 0.973197
0 0 0 0
1 0 0 0
235.6355 -87.62691 4.866535
0.7467729 -0.6001315 0.2866574
255 255 255 255
0.679185 0.599462
0 0 0 0
1 0 0 0
235.6355 3.073082 4.866546
0.5177351 0.8321379 0.1987382
255 255 255 255
0.679184 0.979408
0 0 0 0
1 0 0 0
230.7099 3.073082 6.049069
-0.535239 0.600132 0.5944415
255 255 255 255
0.871573 0.482525
0 0 0 0
1 0 0 0
230.8322 3.073082 6.153564
-0.4401169 0.7072141 0.553304
255 255 255 255
0.888573 0.494867
0 0 0 0
1 0 0 0
230.8322 -87.62691 6.153554
-0.4496949 -0.7072142 0.545548
255 255 255 255
0.888574 0.11492
0 0 0 0
1 0 0 0
230.7099 -87.62691 6.049058
-0.3710791 -0.8321384 0.4121239
255 255 255 255
0.871573 0.102578
0 0 0 0
1 0 0 0
230.5932 -87.62691 5.938304
-0.4955537 -0.7072142 0.5042566
255 255 255 255
0.853554 0.09080499
0 0 0 0
1 0 0 0
231.5163 -87.62691 0.957566
-0.2931455 -0.7072155 -0.6433598
255 255 255 255
0.043222 0.183928
0 0 0 0
1 0 0 0
231.665 -87.62691 0.896036
-0.2589904 -0.7072138 -0.6578546
255 255 255 255
0.033211 0.198923
0 0 0 0
1 0 0 0
231.5163 3.073082 0.957577
-0.2818114 0.7072156 -0.6484045
255 255 255 255
0.043221 0.563874
0 0 0 0
1 0 0 0
231.3711 3.073082 1.026854
-0.3632072 0.6001322 -0.7126864
255 255 255 255
0.054492 0.549224
0 0 0 0
1 0 0 0
232.7663 3.073082 0.691915
0.006191629 0.7072152 -0.7069712
255 255 255 255
0 0.689973
0 0 0 0
1 0 0 0
232.6055 3.073082 0.69614
-0.03082552 0.7072133 -0.706328
255 255 255 255
0.000687 0.673748
0 0 0 0
1 0 0 0
232.7663 -87.62691 0.691904
-0.006190233 -0.7072151 -0.7069713
255 255 255 255
0 0.310027
0 0 0 0
1 0 0 0
232.6055 -87.62691 0.69613
-0.04307753 -0.7072131 -0.7056868
255 255 255 255
0.000688 0.293801
0 0 0 0
1 0 0 0
232.4451 3.073082 0.708728
-0.06770711 0.7072164 -0.7037476
255 255 255 255
0.002735 0.657567
0 0 0 0
1 0 0 0
231.665 3.073082 0.896047
-0.2475042 0.7072138 -0.6622615
255 255 255 255
0.033211 0.57887
0 0 0 0
1 0 0 0
231.8166 3.073082 0.842351
-0.2125515 0.7072144 -0.6742919
255 255 255 255
0.024475 0.59417
0 0 0 0
1 0 0 0
232.2856 3.073082 0.729766
-0.1045886 0.7072135 -0.6992213
255 255 255 255
0.006158 0.641475
0 0 0 0
1 0 0 0
232.4451 -87.62691 0.708717
-0.08008441 -0.7072163 -0.7024469
255 255 255 255
0.002735 0.27762
0 0 0 0
1 0 0 0
232.2856 -87.62691 0.729755
-0.1167159 -0.7072133 -0.6972996
255 255 255 255
0.006158 0.261528
0 0 0 0
1 0 0 0
232.1273 3.073082 0.759078
-0.2017522 0.2426146 -0.9489121
255 255 255 255
0.010927 0.625515
0 0 0 0
1 0 0 0
231.9709 3.073082 0.796665
-0.1830175 0.7072269 -0.6828869
255 255 255 255
0.017042 0.609733
0 0 0 0
1 0 0 0
231.9709 -87.62691 0.796655
-0.2070694 -0.6001304 -0.7726356
255 255 255 255
0.017042 0.229786
0 0 0 0
1 0 0 0
232.1273 -87.62691 0.759068
-0.1153318 -0.8321387 -0.5424423
255 255 255 255
0.010927 0.245569
0 0 0 0
1 0 0 0
231.0925 -87.62691 6.342634
-0.4356466 -0.6001313 0.670861
255 255 255 255
0.919336 0.141174
0 0 0 0
1 0 0 0
230.9599 -87.62691 6.2515
-0.4205409 -0.7072148 0.5683244
255 255 255 255
0.904509 0.127798
0 0 0 0
1 0 0 0
231.8166 -87.62691 0.84234
-0.2242843 -0.7072144 -0.6704807
255 255 255 255
0.024475 0.214224
0 0 0 0
1 0 0 0
231.2297 -87.62691 6.426699
-0.348146 -0.7072147 0.6153389
255 255 255 255
0.933012 0.155014
0 0 0 0
1 0 0 0
231.3711 -87.62691 6.503475
-0.3154479 -0.7072146 0.6327243
255 255 255 255
0.945503 0.169278
0 0 0 0
1 0 0 0
231.5163 -87.62691 6.572742
-0.2255561 -0.8321379 0.506627
255 255 255 255
0.956773 0.183928
0 0 0 0
1 0 0 0
231.665 -87.62691 6.634316
-0.2866618 -0.6001316 0.7467711
255 255 255 255
0.96679 0.198923
0 0 0 0
1 0 0 0
231.8166 -87.62691 6.688021
-0.1713762 -0.8321379 0.5274245
255 255 255 255
0.975528 0.214223
0 0 0 0
1 0 0 0
231.8166 3.073082 6.688032
-0.2471905 0.6001315 0.760749
255 255 255 255
0.975528 0.59417
0 0 0 0
1 0 0 0
232.9272 -87.62691 0.69613
0.03082405 -0.7072131 -0.7063282
255 255 255 255
0.000688 0.326252
0 0 0 0
1 0 0 0
233.0876 -87.62691 0.708717
0.06771003 -0.7072163 -0.7037475
255 255 255 255
0.002736 0.342433
0 0 0 0
1 0 0 0
232.9272 3.073082 0.69614
0.04307613 0.7072133 -0.7056867
255 255 255 255
0.000687 0.706199
0 0 0 0
1 0 0 0
233.0876 3.073082 0.708728
0.08009166 0.7072164 -0.7024459
255 255 255 255
0.002735 0.72238
0 0 0 0
1 0 0 0
231.2297 3.073082 1.103612
-0.2773756 0.8321398 -0.4802146
255 255 255 255
0.06698 0.53496
0 0 0 0
1 0 0 0
231.0925 3.073082 1.187765
-0.4356802 0.6001293 -0.670841
255 255 255 255
0.080672 0.521121
0 0 0 0
1 0 0 0
233.2471 3.073082 0.729766
0.1167108 0.7072133 -0.6973005
255 255 255 255
0.006158 0.738472
0 0 0 0
1 0 0 0
230.9599 3.073082 1.278872
-0.3259585 0.8321392 -0.4486596
255 255 255 255
0.095494 0.507744
0 0 0 0
1 0 0 0
233.4053 3.073082 0.759078
0.153082 0.7072155 -0.6902261
255 255 255 255
0.010927 0.754432
0 0 0 0
1 0 0 0
233.5618 3.073082 0.796665
0.1435614 0.8321373 -0.5356656
255 255 255 255
0.017042 0.770214
0 0 0 0
1 0 0 0
230.8322 3.073082 1.376844
-0.4401581 0.7072136 -0.5532721
255 255 255 255
0.111433 0.494867
0 0 0 0
1 0 0 0
230.7099 3.073082 1.481332
-0.4684346 0.7072147 -0.5295435
255 255 255 255
0.128433 0.482525
0 0 0 0
1 0 0 0
233.716 3.073082 0.842351
0.2471287 0.6001315 -0.7607691
255 255 255 255
0.024475 0.785777
0 0 0 0
1 0 0 0
230.5932 3.073082 1.592068
-0.5656092 0.6001318 -0.5656217
255 255 255 255
0.146449 0.470752
0 0 0 0
1 0 0 0
233.8677 3.073082 0.896047
0.2589903 0.7072138 -0.6578546
255 255 255 255
0.033211 0.801077
0 0 0 0
1 0 0 0
233.8677 -87.62691 0.896036
0.2475043 -0.7072138 -0.6622615
255 255 255 255
0.033211 0.421131
0 0 0 0
1 0 0 0
234.0163 -87.62691 0.957566
0.2818113 -0.7072156 -0.6484047
255 255 255 255
0.043222 0.436126
0 0 0 0
1 0 0 0
230.4824 3.073082 1.708791
-0.4121345 0.8321381 -0.3710678
255 255 255 255
0.165439 0.459578
0 0 0 0
1 0 0 0
230.4824 -87.62691 1.70878
-0.5944571 -0.6001317 -0.535222
255 255 255 255
0.165439 0.07963198
0 0 0 0
1 0 0 0
230.5932 -87.62691 1.592057
-0.3921347 -0.8321382 -0.3921434
255 255 255 255
0.146449 0.09080499
0 0 0 0
1 0 0 0
230.7099 -87.62691 1.481321
-0.4776155 -0.7072147 -0.521278
255 255 255 255
0.128433 0.102578
0 0 0 0
1 0 0 0
230.028 -87.62691 5.16041
-0.6271083 -0.7072149 0.3264693
255 255 255 255
0.726996 0.03379101
0 0 0 0
1 0 0 0
229.9587 -87.62691 5.015184
-0.6433452 -0.7072139 0.2931815
255 255 255 255
0.703368 0.02680302
0 0 0 0
1 0 0 0
230.028 3.073082 5.16042
-0.632723 0.7072149 0.3154499
255 255 255 255
0.726996 0.413737
0 0 0 0
1 0 0 0
230.1048 3.073082 5.301816
-0.6153242 0.7072144 0.3481723
255 255 255 255
0.75 0.421482
0 0 0 0
1 0 0 0
235.8354 3.073082 3.926023
0.7056813 0.7072144 0.04314801
255 255 255 255
0.526168 0.999575
0 0 0 0
1 0 0 0
235.8396 3.073082 3.765182
0.7999013 0.6001316 0
255 255 255 255
0.5 1
0 0 0 0
1 0 0 0
235.8354 -87.62691 3.926013
0.7063267 -0.7072144 0.03082961
255 255 255 255
0.526168 0.619629
0 0 0 0
1 0 0 0
235.8396 -87.62691 3.765172
0.5545686 -0.832138 0
255 255 255 255
0.5 0.620054
0 0 0 0
1 0 0 0
235.8354 -87.62691 3.604331
0.7988034 -0.6001319 -0.04188867
255 255 255 255
0.473832 0.619629
0 0 0 0
1 0 0 0
235.8354 3.073082 3.604341
0.5538073 0.8321382 -0.02904133
255 255 255 255
0.473832 0.999576
0 0 0 0
1 0 0 0
229.9587 3.073082 5.015195
-0.6483533 0.7072139 0.2819333
255 255 255 255
0.703368 0.40675
0 0 0 0
1 0 0 0
229.8972 3.073082 4.866546
-0.662233 0.7072151 0.2475767
255 255 255 255
0.679184 0.400538
0 0 0 0
1 0 0 0
235.8228 3.073082 3.443941
0.7037424 0.7072141 -0.06778453
255 255 255 255
0.447736 0.998301
0 0 0 0
1 0 0 0
229.8435 3.073082 4.714877
-0.5274321 0.8321378 0.1713541
255 255 255 255
0.654509 0.395121
0 0 0 0
1 0 0 0
235.8018 3.073082 3.28442
0.699238 0.7072144 -0.1044703
255 255 255 255
0.421783 0.996183
0 0 0 0
1 0 0 0
229.7978 3.073082 4.560603
-0.7726398 0.6001315 0.2070506
255 255 255 255
0.629409 0.390511
0 0 0 0
1 0 0 0
235.7725 3.073082 3.126211
0.6928095 0.7072149 -0.140933
255 255 255 255
0.396044 0.993226
0 0 0 0
1 0 0 0
229.7602 -87.62691 4.404144
-0.6902385 -0.7072149 0.153029
255 255 255 255
0.603956 0.006775022
0 0 0 0
1 0 0 0
229.7978 -87.62691 4.560592
-0.5356684 -0.8321379 0.1435474
255 255 255 255
0.629409 0.01056403
0 0 0 0
1 0 0 0
229.8435 -87.62691 4.714867
-0.7607597 -0.6001312 0.2471586
255 255 255 255
0.654509 0.01517397
0 0 0 0
1 0 0 0
230.28 -87.62691 1.958774
-0.4486435 -0.8321379 -0.3259837
255 255 255 255
0.206111 0.05921
0 0 0 0
1 0 0 0
230.3779 -87.62691 1.831136
-0.5533022 -0.7072142 -0.4401192
255 255 255 255
0.185345 0.06909102
0 0 0 0
1 0 0 0
229.8972 -87.62691 4.866535
-0.6577978 -0.7072151 0.2591311
255 255 255 255
0.679184 0.02059197
0 0 0 0
1 0 0 0
230.1889 -87.62691 2.09135
-0.6708367 -0.6001316 -0.4356834
255 255 255 255
0.22768 0.050017
0 0 0 0
1 0 0 0
235.6892 -87.62691 4.714867
0.5274239 -0.832138 0.1713776
255 255 255 255
0.654509 0.604879
0 0 0 0
1 0 0 0
235.6892 3.073082 4.714877
0.7607483 0.6001316 0.2471925
255 255 255 255
0.654509 0.984826
0 0 0 0
1 0 0 0
235.7349 -87.62691 4.560592
0.7726398 -0.6001315 0.2070506
255 255 255 255
0.62941 0.60949
0 0 0 0
1 0 0 0
235.7349 3.073082 4.560603
0.5356684 0.8321379 0.1435475
255 255 255 255
0.62941 0.989436
0 0 0 0
1 0 0 0
230.4824 3.073082 5.821601
-0.5295097 0.7072147 0.4684731
255 255 255 255
0.834565 0.459578
0 0 0 0
1 0 0 0
230.5932 3.073082 5.938314
-0.5042674 0.7072141 0.4955428
255 255 255 255
0.853554 0.470752
0 0 0 0
1 0 0 0
230.4824 -87.62691 5.82159
-0.5212454 -0.7072147 0.4776512
255 255 255 255
0.834565 0.07963198
0 0 0 0
1 0 0 0
231.3711 -87.62691 1.026843
-0.2518688 -0.8321392 -0.4940712
255 255 255 255
0.054492 0.169278
0 0 0 0
1 0 0 0
231.2297 -87.62691 1.103689
-0.4000875 -0.6001323 -0.6926551
255 255 255 255
0.066995 0.155014
0 0 0 0
1 0 0 0
230.3779 -87.62691 5.699243
-0.5455398 -0.7072144 0.4497043
255 255 255 255
0.81466 0.06909102
0 0 0 0
1 0 0 0
231.0925 -87.62691 1.187755
-0.3020012 -0.8321373 -0.4651266
255 255 255 255
0.080672 0.141174
0 0 0 0
1 0 0 0
230.28 -87.62691 5.571597
-0.5683329 -0.7072147 0.4205294
255 255 255 255
0.793893 0.05921
0 0 0 0
1 0 0 0
230.3779 3.073082 5.699254
-0.5533059 0.7072144 0.4401139
255 255 255 255
0.81466 0.449038
0 0 0 0
1 0 0 0
230.28 3.073082 5.571607
-0.5755938 0.7072147 0.4105353
255 255 255 255
0.793893 0.439156
0 0 0 0
1 0 0 0
235.7725 3.073082 4.404154
0.7824224 0.6001321 0.1663031
255 255 255 255
0.603957 0.993226
0 0 0 0
1 0 0 0
235.8018 3.073082 4.245945
0.5477416 0.8321376 0.08675363
255 255 255 255
0.578217 0.996183
0 0 0 0
1 0 0 0
235.8018 -87.62691 4.245943
0.9581791 -0.2426135 0.1517611
255 255 255 255
0.578218 0.616237
0 0 0 0
1 0 0 0
235.7725 -87.62691 4.404144
0.6915365 -0.7072284 0.1469873
255 255 255 255
0.603957 0.613279
0 0 0 0
1 0 0 0
235.8228 -87.62691 4.086414
0.7037441 -0.7072148 0.06776052
255 255 255 255
0.552264 0.618356
0 0 0 0
1 0 0 0
235.8228 3.073082 4.086424
0.7024515 0.7072148 0.08005612
255 255 255 255
0.552264 0.998302
0 0 0 0
1 0 0 0
230.1889 3.073082 5.439005
-0.596275 0.7072141 0.379874
255 255 255 255
0.772319 0.429964
0 0 0 0
1 0 0 0
230.1048 -87.62691 5.301806
-0.6091551 -0.7072144 0.3588563
255 255 255 255
0.75 0.04153597
0 0 0 0
1 0 0 0
230.1889 -87.62691 5.438994
-0.5895643 -0.7072141 0.3902077
255 255 255 255
0.77232 0.050017
0 0 0 0
1 0 0 0
230.8322 -87.62691 1.376834
-0.4497055 -0.7072135 -0.5455402
255 255 255 255
0.111434 0.114921
0 0 0 0
1 0 0 0
230.9599 -87.62691 1.278861
-0.4701582 -0.6001333 -0.6471409
255 255 255 255
0.095494 0.127798
0 0 0 0
1 0 0 0
476 # faces
0 2 1
0 3 2
4 3 0
3 4 5
4 6 5
4 7 6
7 4 8
9 7 8
10 7 9
7 10 11
10 12 11
12 10 13
13 10 14
14 10 15
16 14 15
17 14 16
18 17 16
19 17 18
20 17 19
21 17 20
17 21 13
21 22 13
23 22 21
24 22 23
22 24 25
25 24 26
26 24 27
27 24 28
24 29 28
28 29 30
29 31 30
23 31 29
32 31 23
31 32 33
33 32 34
34 32 20
35 34 20
35 36 34
36 35 37
37 35 38
35 19 38
37 38 39
38 40 39
38 18 40
18 41 40
41 18 42
42 43 41
44 43 42
44 15 43
43 15 9
15 44 42
43 45 41
8 45 43
8 0 45
41 45 40
45 1 40
40 1 39
1 46 39
39 46 47
46 48 47
46 2 48
48 2 49
2 50 49
50 51 49
51 50 52
50 53 52
50 3 53
53 54 52
55 54 53
56 54 55
56 57 54
57 56 58
58 56 59
56 60 59
59 60 61
60 62 61
55 62 60
63 62 55
62 63 64
64 63 6
11 64 6
65 64 11
66 64 65
67 66 65
66 67 68
68 67 69
67 26 69
68 69 70
69 71 70
69 27 71
27 72 71
71 72 73
73 72 74
72 75 74
28 75 72
75 28 76
75 76 77
77 76 78
76 79 78
80 79 76
79 80 81
81 80 82
80 83 82
31 83 80
83 84 82
84 83 85
83 33 85
85 33 86
87 85 86
88 85 87
88 89 85
89 88 90
90 88 91
92 90 91
93 90 92
94 90 93
95 94 93
96 94 95
89 94 96
97 89 96
84 89 97
97 96 98
96 99 98
98 99 100
100 99 101
99 93 101
102 100 101
102 103 100
103 102 104
104 102 105
102 106 105
105 106 107
106 108 107
101 108 106
92 108 101
107 108 109
108 110 109
110 108 91
110 91 87
111 110 87
110 111 112
112 111 113
111 36 113
47 112 113
114 112 47
112 114 115
114 116 115
48 116 114
117 116 48
117 118 116
117 119 118
51 119 117
119 51 120
119 120 121
120 122 121
123 122 120
123 57 122
122 57 124
124 57 125
126 124 125
127 124 126
128 127 126
129 127 128
130 127 129
131 127 130
127 131 122
131 130 132
132 130 133
130 134 133
135 134 130
134 135 136
136 135 137
137 135 138
138 135 139
135 129 139
140 138 139
141 138 140
138 141 142
142 141 143
143 141 144
145 143 144
145 146 143
145 147 146
148 147 145
147 148 149
148 150 149
148 151 150
151 148 152
153 151 152
154 151 153
151 154 155
154 156 155
154 157 156
157 154 158
159 157 158
160 157 159
159 161 160
162 161 159
162 128 161
162 139 128
163 162 159
140 162 163
144 140 163
152 144 163
153 163 159
161 164 160
125 164 161
125 58 164
58 165 164
164 165 156
160 164 156
158 153 159
157 160 156
156 165 155
165 166 155
59 166 165
166 59 167
166 167 150
155 166 150
158 154 153
153 152 163
151 155 150
150 167 149
167 168 149
169 168 167
168 169 70
168 70 170
170 70 171
172 170 171
172 147 170
173 172 171
172 173 174
174 173 175
173 176 175
176 173 73
175 176 177
176 178 177
178 176 74
178 74 77
179 178 77
178 179 180
180 179 181
179 182 181
181 182 183
182 184 183
184 182 185
182 78 185
184 185 186
185 81 186
81 98 186
103 184 186
184 103 187
183 184 187
188 183 187
189 183 188
183 189 190
189 191 190
192 191 189
193 191 192
193 194 191
193 195 194
196 195 193
195 196 197
196 198 197
198 196 199
199 196 200
200 196 201
202 200 201
203 200 202
204 203 202
205 203 204
203 205 133
203 133 199
206 205 204
207 205 206
205 207 132
207 121 132
118 207 206
118 206 208
206 209 208
209 206 210
209 210 211
211 210 212
210 213 212
202 213 210
212 213 188
213 192 188
201 192 213
104 212 188
105 211 212
211 105 214
214 209 211
208 209 214
115 208 214
109 115 214
210 206 204
204 202 210
202 201 213
200 203 199
199 136 198
136 215 198
216 215 136
215 216 217
217 216 218
218 216 219
219 216 220
216 137 220
219 220 221
220 142 221
221 142 222
223 221 222
224 221 223
225 224 223
226 224 225
227 224 226
227 219 224
228 227 226
228 229 227
230 229 228
231 229 230
232 229 231
229 232 217
217 232 233
197 217 233
231 233 232
234 233 231
234 195 233
230 234 231
234 230 235
194 234 235
194 235 236
235 237 236
235 228 237
236 237 238
238 237 239
237 226 239
180 238 239
177 180 239
190 236 238
181 190 238
235 230 228
229 218 227
228 226 237
239 226 225
225 175 239
175 225 223
222 146 223
223 146 174
219 221 224
227 218 219
218 229 217
215 217 197
198 215 197
195 197 233
201 196 193
195 234 194
194 236 191
201 193 192
191 236 190
188 192 189
187 104 188
181 183 190
180 181 238
77 182 179
177 178 180
239 175 177
174 175 223
146 172 174
173 171 73
61 169 167
149 168 170
147 149 170
152 148 145
147 172 146
146 222 143
152 145 144
222 142 143
220 138 142
141 140 144
140 139 162
220 137 138
137 216 136
134 136 199
133 134 199
205 132 133
121 131 132
129 135 130
139 129 128
161 128 126
126 125 161
124 127 122
52 123 120
122 131 121
207 119 121
119 207 118
118 208 116
116 208 115
109 112 115
113 37 47
87 36 111
109 110 112
107 109 214
214 105 107
104 105 212
187 103 104
103 186 100
106 102 101
186 98 100
97 98 81
96 95 99
95 93 99
101 93 92
108 92 91
94 89 90
91 88 87
86 36 87
85 89 84
82 84 97
82 97 81
79 81 185
30 80 76
78 79 185
78 182 77
74 75 77
176 73 74
171 71 73
70 71 171
70 169 68
169 66 68
62 66 169
67 65 25
25 65 12
66 62 64
63 55 5
61 62 169
167 59 61
58 59 165
125 57 58
57 123 54
60 56 55
5 55 53
54 123 52
51 52 120
49 51 117
49 117 48
47 48 114
37 39 47
113 36 37
36 86 34
86 33 34
83 31 33
32 23 20
30 31 80
76 28 30
27 28 72
69 26 27
26 67 25
29 24 23
22 25 13
20 23 21
19 35 20
38 19 18
42 18 16
16 15 42
14 17 13
13 25 12
12 65 11
15 10 9
9 8 43
7 11 6
6 63 5
3 5 53
8 4 0
3 50 2
2 46 1
0 1 45
