1 # bones
root
-1
0 0 0
1 # meshes
4_Gotham-Skyline-BuildingBlock03_0_0_0_root_root
1 # uv layers
2 # textures
Gotham_Skyline_BuildingBLock01_D.png
0 # uv layer index
Gotham-Skyline-Building01_bump.png
0 # uv layer index
796 # vertices
-18.85315 117.7022 -16.63188
-0.005863731 -0.005382781 -0.006053291
255 255 255 255
0.431396 0.03619403
0 0 0 0
1 0 0 0
-18.81086 120.1693 -18.86666
-0.005863731 -0.005382781 -0.006053291
255 255 255 255
0.431396 0.02439898
0 0 0 0
1 0 0 0
-16.56465 117.7022 -18.84872
-0.005863731 -0.005382781 -0.006053291
255 255 255 255
0.421143 0.03619403
0 0 0 0
1 0 0 0
20.66622 0.6611696 23.51155
0.006979543 0 0.007161423
255 255 255 255
1.121094 0.998535
0 0 0 0
1 0 0 0
23.48932 0.6611696 20.76014
0.006979538 0 0.007161428
255 255 255 255
1.145508 0.998535
0 0 0 0
1 0 0 0
20.66622 68.59039 23.51155
0.006979538 0 0.007161428
255 255 255 255
1.121094 0.458252
0 0 0 0
1 0 0 0
23.48932 68.59039 20.76015
0.006979538 0 0.007161428
255 255 255 255
1.145508 0.458252
0 0 0 0
1 0 0 0
23.48932 0.6611696 20.76014
0.009999903 0 4.398001E-05
255 255 255 255
1.25293 0.998535
0 0 0 0
1 0 0 0
23.58025 0.6611696 0.0850138
0.009999903 0 4.398001E-05
255 255 255 255
1.513672 0.998535
0 0 0 0
1 0 0 0
23.48932 68.59039 20.76015
0.009999903 0 4.398001E-05
255 255 255 255
1.25293 0.458252
0 0 0 0
1 0 0 0
23.58025 68.59039 0.0850138
0.009999903 0 4.398001E-05
255 255 255 255
1.513672 0.458252
0 0 0 0
1 0 0 0
-20.93662 73.96935 18.41334
-0.00655342 0.0040628 0.006367601
255 255 255 255
0.387207 0.700195
0 0 0 0
1 0 0 0
-18.48057 73.96935 20.94106
-0.006559314 0.004059612 0.006363563
255 255 255 255
0.387451 0.66748
0 0 0 0
1 0 0 0
-18.86207 80.19219 16.57799
-0.006559314 0.004059612 0.006363563
255 255 255 255
0.338135 0.698242
0 0 0 0
1 0 0 0
-16.64524 80.19219 18.86652
-0.006565212 0.004056411 0.006359522
255 255 255 255
0.338379 0.668457
0 0 0 0
1 0 0 0
-16.64524 82.11904 18.86652
-0.001738569 0.009702636 0.001684109
255 255 255 255
0.39917 0.955566
0 0 0 0
1 0 0 0
-18.86207 82.11904 16.57799
-0.001725131 0.009705767 0.001679881
255 255 255 255
0.39917 0.902832
0 0 0 0
1 0 0 0
-17.43416 81.64708 20.77117
-0.001725131 0.009705767 0.001679881
255 255 255 255
0.37085 1.000977
0 0 0 0
1 0 0 0
-20.76673 81.64708 17.36694
-0.00171168 0.00970888 0.00167565
255 255 255 255
0.37085 0.921875
0 0 0 0
1 0 0 0
-18.86207 80.19219 16.57799
-0.00171709 -0.009710047 0.0016633
255 255 255 255
0.283691 0.902832
0 0 0 0
1 0 0 0
-16.64524 80.19219 18.86652
-0.001721531 -0.009706996 0.001676471
255 255 255 255
0.283691 0.955566
0 0 0 0
1 0 0 0
-20.76673 80.66415 17.36694
-0.001721531 -0.009706996 0.001676471
255 255 255 255
0.312012 0.921875
0 0 0 0
1 0 0 0
-17.43416 80.66415 20.77117
-0.00172598 -0.009703922 0.00168964
255 255 255 255
0.312012 1.000977
0 0 0 0
1 0 0 0
-20.7468 70.51723 23.50266
-0.00140678 0.009805162 0.00137105
255 255 255 255
0.403564 0.969238
0 0 0 0
1 0 0 0
-23.4982 70.51723 20.67957
-0.00139784 0.009806843 0.00136816
255 255 255 255
0.403564 0.916504
0 0 0 0
1 0 0 0
-21.72787 70.04529 25.87116
-0.00139784 0.009806843 0.00136816
255 255 255 255
0.375244 1.014648
0 0 0 0
1 0 0 0
-25.86674 70.04529 21.66063
-0.0013889 0.009808517 0.00136526
255 255 255 255
0.375244 0.935547
0 0 0 0
1 0 0 0
-23.4982 68.59039 20.67957
-0.001392471 -0.009809144 0.001357101
255 255 255 255
0.288086 0.916504
0 0 0 0
1 0 0 0
-20.7468 68.59039 23.50266
-0.001395481 -0.009807495 0.001365891
255 255 255 255
0.288086 0.969238
0 0 0 0
1 0 0 0
-25.86674 69.06236 21.66063
-0.001395481 -0.009807495 0.001365891
255 255 255 255
0.316406 0.935547
0 0 0 0
1 0 0 0
-21.72787 69.06236 25.87116
-0.00139849 -0.009805839 0.00137468
255 255 255 255
0.316406 1.014648
0 0 0 0
1 0 0 0
-17.43416 80.66415 20.77117
-0.007145882 0 0.006995453
255 255 255 255
0.312012 1.000977
0 0 0 0
1 0 0 0
-17.43416 81.64708 20.77117
-0.007145882 0 0.006995453
255 255 255 255
0.37085 1.000977
0 0 0 0
1 0 0 0
-20.76673 80.66415 17.36694
-0.007145882 0 0.006995453
255 255 255 255
0.312012 0.921875
0 0 0 0
1 0 0 0
-20.76673 81.64708 17.36694
-0.007145882 0 0.006995453
255 255 255 255
0.37085 0.921875
0 0 0 0
1 0 0 0
-21.72787 69.06236 25.87116
-0.007131498 0 0.007010118
255 255 255 255
0.316406 1.014648
0 0 0 0
1 0 0 0
-21.72787 70.04529 25.87116
-0.007131498 0 0.007010118
255 255 255 255
0.375244 1.014648
0 0 0 0
1 0 0 0
-25.86674 69.06236 21.66063
-0.007131498 0 0.007010118
255 255 255 255
0.316406 0.935547
0 0 0 0
1 0 0 0
-25.86674 70.04529 21.66063
-0.007131498 0 0.007010118
255 255 255 255
0.375244 0.935547
0 0 0 0
1 0 0 0
-18.86207 82.11904 16.57799
-0.007182688 0 0.006957657
255 255 255 255
0.421143 0.205933
0 0 0 0
1 0 0 0
-16.64524 82.11904 18.86652
-0.007182663 0 0.006957683
255 255 255 255
0.431396 0.205933
0 0 0 0
1 0 0 0
-18.86207 117.7022 16.57799
-0.007182663 0 0.006957683
255 255 255 255
0.421143 0.03619403
0 0 0 0
1 0 0 0
-16.64523 117.7022 18.8665
-0.007182638 9.999997E-09 0.006957708
255 255 255 255
0.431396 0.03619403
0 0 0 0
1 0 0 0
-20.93662 73.96935 18.41334
-0.005097659 0.00703423 0.004953129
255 255 255 255
0.387207 0.700195
0 0 0 0
1 0 0 0
-23.4982 70.51723 20.67957
-0.005095962 0.007031314 0.004959012
255 255 255 255
0.419678 0.702637
0 0 0 0
1 0 0 0
-18.48057 73.96935 20.94106
-0.005095962 0.007031314 0.004959012
255 255 255 255
0.387451 0.66748
0 0 0 0
1 0 0 0
-20.7468 70.51723 23.50266
-0.005094259 0.007028399 0.004964889
255 255 255 255
0.419922 0.666016
0 0 0 0
1 0 0 0
-23.4982 0.6611696 20.67957
-0.007161418 0 0.006979548
255 255 255 255
1.121094 0.998535
0 0 0 0
1 0 0 0
-20.7468 0.6611696 23.50266
-0.007161418 0 0.006979548
255 255 255 255
1.145508 0.998535
0 0 0 0
1 0 0 0
-23.4982 68.59039 20.67957
-0.007161418 0 0.006979548
255 255 255 255
1.121094 0.458252
0 0 0 0
1 0 0 0
-20.7468 68.59039 23.50266
-0.007161418 0 0.006979548
255 255 255 255
1.145508 0.458252
0 0 0 0
1 0 0 0
23.4982 0.6611696 -20.65287
0.007161423 0 -0.006979543
255 255 255 255
1.121094 0.998535
0 0 0 0
1 0 0 0
20.7468 0.6611696 -23.47597
0.007161428 0 -0.006979538
255 255 255 255
1.145508 0.998535
0 0 0 0
1 0 0 0
23.4982 68.59039 -20.65287
0.007161428 0 -0.006979538
255 255 255 255
1.121094 0.458252
0 0 0 0
1 0 0 0
20.7468 68.59039 -23.47597
0.007161428 0 -0.006979538
255 255 255 255
1.145508 0.458252
0 0 0 0
1 0 0 0
-23.88202 230.884 -23.93781
3.971E-05 0 -0.009999922
255 255 255 255
0.345215 0.06866503
0 0 0 0
1 0 0 0
-11.9341 230.884 -23.89036
1.986006E-05 1.396004E-05 -0.009999971
255 255 255 255
0.345215 0.175903
0 0 0 0
1 0 0 0
-23.88202 213.8888 -23.93781
1.449003E-05 1.128003E-05 -0.009999983
255 255 255 255
0.431396 0.06866503
0 0 0 0
1 0 0 0
0.07166864 230.884 -23.89036
0 2.792E-05 -0.009999961
255 255 255 255
0.345215 0.283203
0 0 0 0
1 0 0 0
12.07744 230.884 -23.89036
9.130021E-06 8.600019E-06 -0.009999992
255 255 255 255
0.345215 0.390625
0 0 0 0
1 0 0 0
23.95116 230.884 -23.86868
1.826E-05 -1.072E-05 -0.009999977
255 255 255 255
0.345215 0.498047
0 0 0 0
1 0 0 0
23.95116 230.884 -23.86868
1.445E-05 0 -0.00999999
255 255 255 255
0.345215 0.498047
0 0 0 0
1 0 0 0
23.95116 213.8888 -23.86868
1.445E-05 0 -0.00999999
255 255 255 255
0.431396 0.498047
0 0 0 0
1 0 0 0
-23.88202 213.8888 -23.93781
1.445E-05 0 -0.00999999
255 255 255 255
0.431396 0.06866503
0 0 0 0
1 0 0 0
-20.26863 125.5949 -20.32442
5.249999E-06 0.009512297 -0.003084829
255 255 255 255
0.354492 1.004883
0 0 0 0
1 0 0 0
-18.81086 126.0669 -18.86666
-3.350885E-06 0.009438972 -0.003302392
255 255 255 255
0.39209 0.969238
0 0 0 0
1 0 0 0
20.33776 125.5949 -20.25528
5.001243E-06 0.009466732 -0.00322195
255 255 255 255
0.354492 0.005298972
0 0 0 0
1 0 0 0
0.07166864 126.0669 -18.93079
4.871441E-06 0.009443203 -0.003290273
255 255 255 255
0.39209 0.504883
0 0 0 0
1 0 0 0
18.88001 126.0669 -18.79751
2.169E-05 0.009520158 -0.00306041
255 255 255 255
0.39209 0.04119903
0 0 0 0
1 0 0 0
18.88001 202.8607 -18.79751
5.639999E-06 0.009515518 -0.00307488
255 255 255 255
0.293457 0.959961
0 0 0 0
1 0 0 0
20.33776 202.3888 -20.25528
5.449999E-06 0.009513917 -0.00307983
255 255 255 255
0.331055 0.995605
0 0 0 0
1 0 0 0
-18.81086 202.8607 -18.86666
5.449999E-06 0.009513917 -0.00307983
255 255 255 255
0.293457 0.031982
0 0 0 0
1 0 0 0
-20.26863 202.3888 -20.32442
5.249998E-06 0.009512316 -0.003084769
255 255 255 255
0.331055 -0.003998041
0 0 0 0
1 0 0 0
-20.26863 162.1415 -20.32442
5.249999E-06 0.009512277 -0.003084889
255 255 255 255
0.331055 0.003697991
0 0 0 0
1 0 0 0
-18.81086 162.6135 -18.86666
-3.350884E-06 0.009438951 -0.003302452
255 255 255 255
0.293457 0.03967297
0 0 0 0
1 0 0 0
20.33776 162.1415 -20.25528
5.001248E-06 0.009466711 -0.003222013
255 255 255 255
0.331055 1.00293
0 0 0 0
1 0 0 0
0.07166864 162.6135 -18.93079
4.871439E-06 0.009443179 -0.003290342
255 255 255 255
0.293457 0.503418
0 0 0 0
1 0 0 0
18.88001 162.6135 -18.79751
2.169E-05 0.009520142 -0.003060461
255 255 255 255
0.293457 0.967773
0 0 0 0
1 0 0 0
-16.56465 82.11904 -18.84872
6.399998E-07 0.009706387 -0.002405419
255 255 255 255
0.39917 0.902832
0 0 0 0
1 0 0 0
16.64524 82.11904 -18.83983
6.299998E-07 0.009706446 -0.002405179
255 255 255 255
0.39917 0.100586
0 0 0 0
1 0 0 0
-17.35359 81.64708 -20.75338
6.299998E-07 0.009706446 -0.002405179
255 255 255 255
0.37085 0.921875
0 0 0 0
1 0 0 0
17.43416 81.64708 -20.74448
6.199998E-07 0.009706506 -0.002404939
255 255 255 255
0.37085 0.08154303
0 0 0 0
1 0 0 0
-17.35359 81.64708 -20.75338
2.56E-06 0 -0.01
255 255 255 255
0.37085 0.921875
0 0 0 0
1 0 0 0
17.43416 81.64708 -20.74448
2.56E-06 0 -0.01
255 255 255 255
0.37085 0.08154303
0 0 0 0
1 0 0 0
-17.35359 80.66415 -20.75338
2.56E-06 0 -0.01
255 255 255 255
0.312012 0.921875
0 0 0 0
1 0 0 0
17.43416 80.66415 -20.74448
2.56E-06 0 -0.01
255 255 255 255
0.312012 0.08154303
0 0 0 0
1 0 0 0
21.72787 70.04529 -25.84447
2.06E-06 0 -0.01
255 255 255 255
0.375244 0.09509301
0 0 0 0
1 0 0 0
21.72787 69.06236 -25.84447
2.06E-06 0 -0.01
255 255 255 255
0.316406 0.09509301
0 0 0 0
1 0 0 0
-21.64728 70.04529 -25.85339
2.06E-06 0 -0.01
255 255 255 255
0.375244 0.935547
0 0 0 0
1 0 0 0
-21.64728 69.06236 -25.85339
2.06E-06 0 -0.01
255 255 255 255
0.316406 0.935547
0 0 0 0
1 0 0 0
20.7468 0.6611696 -23.47597
4.398001E-05 0 -0.009999903
255 255 255 255
1.25293 0.998535
0 0 0 0
1 0 0 0
0.07166864 0.6611696 -23.56691
4.398001E-05 0 -0.009999903
255 255 255 255
1.513672 0.998535
0 0 0 0
1 0 0 0
20.7468 68.59039 -23.47597
4.398001E-05 0 -0.009999903
255 255 255 255
1.25293 0.458252
0 0 0 0
1 0 0 0
0.07166864 68.59039 -23.56691
4.398001E-05 0 -0.009999903
255 255 255 255
1.513672 0.458252
0 0 0 0
1 0 0 0
-18.39999 73.96935 -20.92327
-0.006367601 0.0040628 -0.00655342
255 255 255 255
0.387207 0.700195
0 0 0 0
1 0 0 0
-20.92772 73.96935 -18.46722
-0.006363563 0.004059612 -0.006559314
255 255 255 255
0.387451 0.66748
0 0 0 0
1 0 0 0
-16.56465 80.19219 -18.84872
-0.006363563 0.004059612 -0.006559314
255 255 255 255
0.338135 0.698242
0 0 0 0
1 0 0 0
-18.85317 80.19219 -16.63189
-0.006359525 0.004056417 -0.006565205
255 255 255 255
0.338379 0.668457
0 0 0 0
1 0 0 0
-18.85317 82.11904 -16.63189
-0.0016841 0.009702638 -0.00173857
255 255 255 255
0.39917 0.955566
0 0 0 0
1 0 0 0
-16.56465 82.11904 -18.84872
-0.001679881 0.009705767 -0.001725131
255 255 255 255
0.39917 0.902832
0 0 0 0
1 0 0 0
-20.75783 81.64708 -17.42081
-0.001679881 0.009705767 -0.001725131
255 255 255 255
0.37085 1.000977
0 0 0 0
1 0 0 0
-17.35359 81.64708 -20.75338
-0.00167565 0.00970888 -0.00171168
255 255 255 255
0.37085 0.921875
0 0 0 0
1 0 0 0
-16.56465 80.19219 -18.84872
-0.0016633 -0.009710047 -0.00171709
255 255 255 255
0.283691 0.902832
0 0 0 0
1 0 0 0
-18.85317 80.19219 -16.63189
-0.001676471 -0.009706996 -0.001721531
255 255 255 255
0.283691 0.955566
0 0 0 0
1 0 0 0
-17.35359 80.66415 -20.75338
-0.001676471 -0.009706996 -0.001721531
255 255 255 255
0.312012 0.921875
0 0 0 0
1 0 0 0
-20.75783 80.66415 -17.42081
-0.00168964 -0.009703922 -0.00172598
255 255 255 255
0.312012 1.000977
0 0 0 0
1 0 0 0
-23.48932 70.51723 -20.73345
-0.00137105 0.009805162 -0.00140678
255 255 255 255
0.403564 0.969238
0 0 0 0
1 0 0 0
-20.66622 70.51723 -23.48486
-0.00136816 0.009806843 -0.00139784
255 255 255 255
0.403564 0.916504
0 0 0 0
1 0 0 0
-25.85782 70.04529 -21.71452
-0.00136816 0.009806843 -0.00139784
255 255 255 255
0.375244 1.014648
0 0 0 0
1 0 0 0
-21.64728 70.04529 -25.85339
-0.00136526 0.009808517 -0.0013889
255 255 255 255
0.375244 0.935547
0 0 0 0
1 0 0 0
-20.66622 68.59039 -23.48486
-0.001357099 -0.009809145 -0.001392459
255 255 255 255
0.288086 0.916504
0 0 0 0
1 0 0 0
-23.48932 68.59039 -20.73345
-0.001365891 -0.009807495 -0.001395481
255 255 255 255
0.288086 0.969238
0 0 0 0
1 0 0 0
-21.64728 69.06236 -25.85339
-0.001365891 -0.009807495 -0.001395481
255 255 255 255
0.316406 0.935547
0 0 0 0
1 0 0 0
-25.85782 69.06236 -21.71452
-0.00137468 -0.009805839 -0.00139849
255 255 255 255
0.316406 1.014648
0 0 0 0
1 0 0 0
-20.75783 80.66415 -17.42081
-0.006995453 0 -0.007145882
255 255 255 255
0.312012 1.000977
0 0 0 0
1 0 0 0
-20.75783 81.64708 -17.42081
-0.006995453 0 -0.007145882
255 255 255 255
0.37085 1.000977
0 0 0 0
1 0 0 0
-17.35359 80.66415 -20.75338
-0.006995453 0 -0.007145882
255 255 255 255
0.312012 0.921875
0 0 0 0
1 0 0 0
-17.35359 81.64708 -20.75338
-0.006995453 0 -0.007145882
255 255 255 255
0.37085 0.921875
0 0 0 0
1 0 0 0
-25.85782 69.06236 -21.71452
-0.007010118 0 -0.007131498
255 255 255 255
0.316406 1.014648
0 0 0 0
1 0 0 0
-25.85782 70.04529 -21.71452
-0.007010118 0 -0.007131498
255 255 255 255
0.375244 1.014648
0 0 0 0
1 0 0 0
-21.64728 69.06236 -25.85339
-0.007010118 0 -0.007131498
255 255 255 255
0.316406 0.935547
0 0 0 0
1 0 0 0
-21.64728 70.04529 -25.85339
-0.007010118 0 -0.007131498
255 255 255 255
0.375244 0.935547
0 0 0 0
1 0 0 0
-16.56465 82.11904 -18.84872
-0.006957663 0 -0.007182682
255 255 255 255
0.421143 0.205933
0 0 0 0
1 0 0 0
-18.85317 82.11904 -16.63189
-0.006957663 0 -0.007182682
255 255 255 255
0.431396 0.205933
0 0 0 0
1 0 0 0
-16.56465 117.7022 -18.84872
-0.006957663 0 -0.007182682
255 255 255 255
0.421143 0.03619403
0 0 0 0
1 0 0 0
-18.85315 117.7022 -16.63188
-0.006957708 9.999997E-09 -0.007182638
255 255 255 255
0.431396 0.03619403
0 0 0 0
1 0 0 0
-16.56465 117.7022 -18.84872
-0.006957708 9.999997E-09 -0.007182638
255 255 255 255
0.421143 0.03619403
0 0 0 0
1 0 0 0
-18.85317 82.11904 -16.63189
-0.006957708 9.999997E-09 -0.007182638
255 255 255 255
0.431396 0.205933
0 0 0 0
1 0 0 0
-18.39999 73.96935 -20.92327
-0.004953119 0.00703423 -0.005097669
255 255 255 255
0.387207 0.700195
0 0 0 0
1 0 0 0
-20.66622 70.51723 -23.48486
-0.004959002 0.007031313 -0.005095972
255 255 255 255
0.419678 0.702637
0 0 0 0
1 0 0 0
-20.92772 73.96935 -18.46722
-0.004959002 0.007031313 -0.005095972
255 255 255 255
0.387451 0.66748
0 0 0 0
1 0 0 0
-23.48932 70.51723 -20.73345
-0.004964879 0.007028399 -0.005094269
255 255 255 255
0.419922 0.666016
0 0 0 0
1 0 0 0
-20.66622 0.6611696 -23.48486
-0.006979548 0 -0.007161418
255 255 255 255
1.121094 0.998535
0 0 0 0
1 0 0 0
-23.48932 0.6611696 -20.73345
-0.006979543 0 -0.007161423
255 255 255 255
1.145508 0.998535
0 0 0 0
1 0 0 0
-20.66622 68.59039 -23.48486
-0.006979543 0 -0.007161423
255 255 255 255
1.121094 0.458252
0 0 0 0
1 0 0 0
-23.48932 68.59039 -20.73345
-0.006979538 0 -0.007161428
255 255 255 255
1.145508 0.458252
0 0 0 0
1 0 0 0
-20.26863 124.612 -20.32442
-0.003075199 -0.009515415 -5.239997E-06
255 255 255 255
0.331055 0.005298972
0 0 0 0
1 0 0 0
-18.81086 124.1401 -18.86666
-0.003080139 -0.009513816 -5.449998E-06
255 255 255 255
0.293457 0.04119903
0 0 0 0
1 0 0 0
-20.33776 124.612 20.28197
-0.003080139 -0.009513816 -5.449998E-06
255 255 255 255
0.331055 1.004883
0 0 0 0
1 0 0 0
-18.88 124.1401 18.8242
-0.003085082 -0.009512215 -5.660003E-06
255 255 255 255
0.293457 0.969238
0 0 0 0
1 0 0 0
-18.88 200.9339 18.8242
-0.003070581 -0.009516901 1.043E-05
255 255 255 255
0.39209 0.031982
0 0 0 0
1 0 0 0
-20.33776 201.4058 20.28197
-0.003227248 -0.009464926 -6.611758E-06
255 255 255 255
0.354492 -0.003998041
0 0 0 0
1 0 0 0
-18.94413 200.9339 -0.05832348
-0.003302958 -0.009438772 -7.302206E-06
255 255 255 255
0.39209 0.49585
0 0 0 0
1 0 0 0
-18.81086 200.9339 -18.86666
-0.003305274 -0.009437951 -1.514446E-05
255 255 255 255
0.39209 0.959961
0 0 0 0
1 0 0 0
-20.26863 201.4058 -20.32442
-0.00307525 -0.009515398 -5.239999E-06
255 255 255 255
0.354492 0.995605
0 0 0 0
1 0 0 0
18.85315 117.7022 16.65858
0.00586374 -0.00538277 0.00605329
255 255 255 255
0.431396 0.03619403
0 0 0 0
1 0 0 0
18.81086 120.1693 18.89335
0.00586374 -0.00538277 0.00605329
255 255 255 255
0.431396 0.02439898
0 0 0 0
1 0 0 0
16.56465 117.7022 18.87541
0.00586374 -0.00538277 0.00605329
255 255 255 255
0.421143 0.03619403
0 0 0 0
1 0 0 0
-20.33776 161.1586 20.28197
-0.003084769 -0.009512316 -5.249998E-06
255 255 255 255
0.354492 0.003697991
0 0 0 0
1 0 0 0
-20.26863 161.1586 -20.32442
-0.003221893 -0.009466751 -5.001248E-06
255 255 255 255
0.354492 1.00293
0 0 0 0
1 0 0 0
-18.88 160.6867 18.8242
-0.003302332 -0.009438992 3.350885E-06
255 255 255 255
0.39209 0.03967297
0 0 0 0
1 0 0 0
-18.94413 160.6867 -0.05832348
-0.003290222 -0.009443221 -4.87144E-06
255 255 255 255
0.39209 0.503418
0 0 0 0
1 0 0 0
-18.81086 160.6867 -18.86666
-0.003060349 -0.009520178 -2.169E-05
255 255 255 255
0.39209 0.967773
0 0 0 0
1 0 0 0
-16.64523 117.7022 18.8665
-0.006053301 -0.00538277 0.00586373
255 255 255 255
0.431396 0.03619403
0 0 0 0
1 0 0 0
-18.88 120.1693 18.8242
-0.006053301 -0.00538277 0.00586373
255 255 255 255
0.431396 0.02439898
0 0 0 0
1 0 0 0
-18.86207 117.7022 16.57799
-0.006053301 -0.00538277 0.00586373
255 255 255 255
0.421143 0.03619403
0 0 0 0
1 0 0 0
-20.75783 80.66415 -17.42081
-0.002404939 -0.009706506 -6.199998E-07
255 255 255 255
0.312012 0.08154303
0 0 0 0
1 0 0 0
-18.85317 80.19219 -16.63189
-0.002405179 -0.009706446 -6.299998E-07
255 255 255 255
0.283691 0.100586
0 0 0 0
1 0 0 0
-20.76673 80.66415 17.36694
-0.002405179 -0.009706446 -6.299998E-07
255 255 255 255
0.312012 0.921875
0 0 0 0
1 0 0 0
-18.86207 80.19219 16.57799
-0.002405419 -0.009706387 -6.399998E-07
255 255 255 255
0.283691 0.902832
0 0 0 0
1 0 0 0
-25.86674 69.06236 21.66063
-0.001954359 -0.009807165 -3.999998E-07
255 255 255 255
0.316406 0.935547
0 0 0 0
1 0 0 0
-25.85782 69.06236 -21.71452
-0.002003435 -0.009797257 -2.20006E-07
255 255 255 255
0.316406 0.09509301
0 0 0 0
1 0 0 0
-23.4982 68.59039 20.67957
-0.002029721 -0.009791845 3.960119E-06
255 255 255 255
0.288086 0.916504
0 0 0 0
1 0 0 0
-23.58025 68.59039 -0.05832348
-0.002027952 -0.009792211 -1.30004E-07
255 255 255 255
0.288086 0.515137
0 0 0 0
1 0 0 0
-23.48932 68.59039 -20.73345
-0.001950809 -0.009807867 -8.579997E-06
255 255 255 255
0.288086 0.114075
0 0 0 0
1 0 0 0
18.81086 120.1693 18.89335
-7.986001E-05 0 0.009999681
255 255 255 255
0.431396 0.02439898
0 0 0 0
1 0 0 0
18.81086 124.1401 18.89335
-3.36304E-05 1.080013E-05 0.009999937
255 255 255 255
0.431396 0.005496979
0 0 0 0
1 0 0 0
16.56465 117.7022 18.87541
-2.841021E-05 -8.980068E-06 0.009999956
255 255 255 255
0.421143 0.03619403
0 0 0 0
1 0 0 0
-18.88 124.1401 18.8242
-0.0001037842 2.966121E-05 0.009999418
255 255 255 255
0.253662 0.005496979
0 0 0 0
1 0 0 0
-16.64523 117.7022 18.8665
-4.312131E-05 6.480197E-06 0.009999905
255 255 255 255
0.26416 0.03619403
0 0 0 0
1 0 0 0
-18.88 120.1693 18.8242
-0.00018921 0 0.00999821
255 255 255 255
0.253662 0.02439898
0 0 0 0
1 0 0 0
16.56465 82.11904 18.87541
-2.68E-06 0 0.01
255 255 255 255
0.421143 0.205933
0 0 0 0
1 0 0 0
-16.64524 82.11904 18.86652
-2.68E-06 1E-08 0.01
255 255 255 255
0.26416 0.205933
0 0 0 0
1 0 0 0
16.64523 117.7022 -18.8398
0.006053301 -0.00538277 -0.00586373
255 255 255 255
0.431396 0.03619403
0 0 0 0
1 0 0 0
18.88001 120.1693 -18.79751
0.006053301 -0.00538277 -0.00586373
255 255 255 255
0.431396 0.02439898
0 0 0 0
1 0 0 0
18.86207 117.7022 -16.5513
0.006053301 -0.00538277 -0.00586373
255 255 255 255
0.421143 0.03619403
0 0 0 0
1 0 0 0
-18.81086 162.6135 -18.86666
-0.009999749 0 -7.085999E-05
255 255 255 255
0.38916 0.626953
0 0 0 0
1 0 0 0
-18.94413 162.6135 -0.05832348
-0.009999749 0 -7.085999E-05
255 255 255 255
0.593262 0.626953
0 0 0 0
1 0 0 0
-18.81086 200.9339 -18.86666
-0.009999749 0 -7.085999E-05
255 255 255 255
0.38916 0.260986
0 0 0 0
1 0 0 0
-18.94413 200.9339 -0.05832348
-0.009999749 0 -7.085999E-05
255 255 255 255
0.593262 0.260986
0 0 0 0
1 0 0 0
-18.81086 126.0669 -18.86666
-0.009999749 0 -7.085999E-05
255 255 255 255
0.38916 0.976074
0 0 0 0
1 0 0 0
-18.94413 126.0669 -0.05832348
-0.009999749 0 -7.085999E-05
255 255 255 255
0.593262 0.976074
0 0 0 0
1 0 0 0
-18.81086 160.6867 -18.86666
-0.009999749 0 -7.085999E-05
255 255 255 255
0.38916 0.64502
0 0 0 0
1 0 0 0
-18.94413 160.6867 -0.05832348
-0.009999749 0 -7.085999E-05
255 255 255 255
0.593262 0.64502
0 0 0 0
1 0 0 0
-23.48932 0.6611696 -20.73345
-0.009999903 0 -4.398001E-05
255 255 255 255
1.25293 0.998535
0 0 0 0
1 0 0 0
-23.58025 0.6611696 -0.05832348
-0.009999903 0 -4.398001E-05
255 255 255 255
1.513672 0.998535
0 0 0 0
1 0 0 0
-23.48932 68.59039 -20.73345
-0.009999903 0 -4.398001E-05
255 255 255 255
1.25293 0.458252
0 0 0 0
1 0 0 0
-23.58025 68.59039 -0.05832348
-0.009999903 0 -4.398001E-05
255 255 255 255
1.513672 0.458252
0 0 0 0
1 0 0 0
26.60192 251.6743 -26.49208
0 0.01 0
255 255 255 255
0.32959 0.327881
0 0 0 0
1 0 0 0
-26.53363 251.6743 -26.56206
0 0.01 0
255 255 255 255
0.32959 0.327881
0 0 0 0
1 0 0 0
26.53363 251.6743 26.58875
0 0.01 0
255 255 255 255
0.32959 0.327881
0 0 0 0
1 0 0 0
-26.60192 251.6743 26.51877
0 0.01 0
255 255 255 255
0.32959 0.327881
0 0 0 0
1 0 0 0
18.39999 73.96935 20.94996
0.006367607 0.004062797 0.006553416
255 255 255 255
0.387207 0.700195
0 0 0 0
1 0 0 0
20.92771 73.96935 18.49391
0.00636357 0.00405961 0.00655931
255 255 255 255
0.387451 0.66748
0 0 0 0
1 0 0 0
16.56465 80.19219 18.87541
0.00636357 0.00405961 0.00655931
255 255 255 255
0.338135 0.698242
0 0 0 0
1 0 0 0
18.85317 80.19219 16.65858
0.006359532 0.004056411 0.006565202
255 255 255 255
0.338379 0.668457
0 0 0 0
1 0 0 0
18.85317 82.11904 16.65858
0.001684109 0.009702636 0.001738569
255 255 255 255
0.39917 0.955566
0 0 0 0
1 0 0 0
16.56465 82.11904 18.87541
0.001679881 0.009705767 0.001725131
255 255 255 255
0.39917 0.902832
0 0 0 0
1 0 0 0
20.75782 81.64708 17.44751
0.001679881 0.009705767 0.001725131
255 255 255 255
0.37085 1.000977
0 0 0 0
1 0 0 0
17.35359 81.64708 20.78008
0.00167565 0.00970888 0.00171168
255 255 255 255
0.37085 0.921875
0 0 0 0
1 0 0 0
16.56465 80.19219 18.87541
0.0016633 -0.009710047 0.00171709
255 255 255 255
0.283691 0.902832
0 0 0 0
1 0 0 0
18.85317 80.19219 16.65858
0.001676471 -0.009706996 0.001721531
255 255 255 255
0.283691 0.955566
0 0 0 0
1 0 0 0
17.35359 80.66415 20.78008
0.001676471 -0.009706996 0.001721531
255 255 255 255
0.312012 0.921875
0 0 0 0
1 0 0 0
20.75782 80.66415 17.44751
0.001689641 -0.009703924 0.001725971
255 255 255 255
0.312012 1.000977
0 0 0 0
1 0 0 0
23.48932 70.51723 20.76015
0.00137105 0.009805162 0.00140678
255 255 255 255
0.403564 0.969238
0 0 0 0
1 0 0 0
20.66622 70.51723 23.51155
0.00136816 0.009806843 0.00139784
255 255 255 255
0.403564 0.916504
0 0 0 0
1 0 0 0
25.85782 70.04529 21.74121
0.00136816 0.009806843 0.00139784
255 255 255 255
0.375244 1.014648
0 0 0 0
1 0 0 0
21.64728 70.04529 25.88008
0.00136526 0.009808517 0.0013889
255 255 255 255
0.375244 0.935547
0 0 0 0
1 0 0 0
20.66622 68.59039 23.51155
0.001357099 -0.009809145 0.001392459
255 255 255 255
0.288086 0.916504
0 0 0 0
1 0 0 0
23.48932 68.59039 20.76015
0.001365891 -0.009807495 0.001395481
255 255 255 255
0.288086 0.969238
0 0 0 0
1 0 0 0
21.64728 69.06236 25.88008
0.001365891 -0.009807495 0.001395481
255 255 255 255
0.316406 0.935547
0 0 0 0
1 0 0 0
25.85782 69.06236 21.74121
0.00137468 -0.009805839 0.00139849
255 255 255 255
0.316406 1.014648
0 0 0 0
1 0 0 0
20.75782 80.66415 17.44751
0.006995458 0 0.007145878
255 255 255 255
0.312012 1.000977
0 0 0 0
1 0 0 0
20.75782 81.64708 17.44751
0.006995458 0 0.007145878
255 255 255 255
0.37085 1.000977
0 0 0 0
1 0 0 0
17.35359 80.66415 20.78008
0.006995458 0 0.007145878
255 255 255 255
0.312012 0.921875
0 0 0 0
1 0 0 0
17.35359 81.64708 20.78008
0.006995458 0 0.007145878
255 255 255 255
0.37085 0.921875
0 0 0 0
1 0 0 0
25.85782 69.06236 21.74121
0.007010118 0 0.007131498
255 255 255 255
0.316406 1.014648
0 0 0 0
1 0 0 0
25.85782 70.04529 21.74121
0.007010118 0 0.007131498
255 255 255 255
0.375244 1.014648
0 0 0 0
1 0 0 0
21.64728 69.06236 25.88008
0.007010118 0 0.007131498
255 255 255 255
0.316406 0.935547
0 0 0 0
1 0 0 0
21.64728 70.04529 25.88008
0.007010118 0 0.007131498
255 255 255 255
0.375244 0.935547
0 0 0 0
1 0 0 0
16.56465 82.11904 18.87541
0.006957668 0 0.007182678
255 255 255 255
0.421143 0.205933
0 0 0 0
1 0 0 0
18.85317 82.11904 16.65858
0.006957688 0 0.007182658
255 255 255 255
0.431396 0.205933
0 0 0 0
1 0 0 0
16.56465 117.7022 18.87541
0.006957688 0 0.007182658
255 255 255 255
0.421143 0.03619403
0 0 0 0
1 0 0 0
18.85315 117.7022 16.65858
0.006957713 1.000001E-08 0.007182633
255 255 255 255
0.431396 0.03619403
0 0 0 0
1 0 0 0
18.39999 73.96935 20.94996
0.004953129 0.00703423 0.005097659
255 255 255 255
0.387207 0.700195
0 0 0 0
1 0 0 0
20.66622 70.51723 23.51155
0.004959009 0.007031309 0.005095969
255 255 255 255
0.419678 0.702637
0 0 0 0
1 0 0 0
20.92771 73.96935 18.49391
0.004959009 0.007031309 0.005095969
255 255 255 255
0.387451 0.66748
0 0 0 0
1 0 0 0
23.48932 70.51723 20.76015
0.004964879 0.007028399 0.005094269
255 255 255 255
0.419922 0.666016
0 0 0 0
1 0 0 0
23.58025 0.6611696 0.0850138
0.009999922 0 -3.957001E-05
255 255 255 255
1.513672 0.998535
0 0 0 0
1 0 0 0
23.4982 0.6611696 -20.65287
0.009999922 0 -3.957001E-05
255 255 255 255
1.251953 0.998535
0 0 0 0
1 0 0 0
23.58025 68.59039 0.0850138
0.009999922 0 -3.957001E-05
255 255 255 255
1.513672 0.458252
0 0 0 0
1 0 0 0
23.4982 68.59039 -20.65287
0.009999922 0 -3.957001E-05
255 255 255 255
1.251953 0.458252
0 0 0 0
1 0 0 0
18.94413 162.6135 0.0850138
0.009999942 0 -3.396E-05
255 255 255 255
0.593262 0.626953
0 0 0 0
1 0 0 0
18.88001 162.6135 -18.79751
0.009999942 0 -3.396E-05
255 255 255 255
0.388672 0.626953
0 0 0 0
1 0 0 0
18.94413 200.9339 0.0850138
0.009999942 0 -3.396E-05
255 255 255 255
0.593262 0.260986
0 0 0 0
1 0 0 0
18.88001 200.9339 -18.79751
0.009999942 0 -3.396E-05
255 255 255 255
0.388672 0.260986
0 0 0 0
1 0 0 0
18.94413 126.0669 0.0850138
0.009999942 0 -3.396E-05
255 255 255 255
0.593262 0.976074
0 0 0 0
1 0 0 0
18.88001 126.0669 -18.79751
0.009999942 0 -3.396E-05
255 255 255 255
0.388672 0.976074
0 0 0 0
1 0 0 0
18.94413 160.6867 0.0850138
0.009999942 0 -3.396E-05
255 255 255 255
0.593262 0.64502
0 0 0 0
1 0 0 0
18.88001 160.6867 -18.79751
0.009999942 0 -3.396E-05
255 255 255 255
0.388672 0.64502
0 0 0 0
1 0 0 0
23.90371 230.884 -11.92075
0.009999922 -2E-08 3.971E-05
255 255 255 255
0.998047 0.210327
0 0 0 0
1 0 0 0
23.95116 230.884 -23.86868
0.009999922 -1E-08 3.97E-05
255 255 255 255
0.887207 0.210327
0 0 0 0
1 0 0 0
23.90373 247.8791 -11.92076
0.009999922 -1E-08 3.97E-05
255 255 255 255
0.998047 0.0005000234
0 0 0 0
1 0 0 0
23.95116 247.8791 -23.86868
0.009999922 0 3.97E-05
255 255 255 255
0.887207 0.0005000234
0 0 0 0
1 0 0 0
23.90373 247.8791 0.0850138
0.01 -1E-08 0
255 255 255 255
0.998047 0.0005000234
0 0 0 0
1 0 0 0
23.90373 247.8791 12.09078
0.01 -1E-08 0
255 255 255 255
0.887207 0.0005000234
0 0 0 0
1 0 0 0
23.90371 230.884 0.0850138
0.01 -1E-08 0
255 255 255 255
0.998047 0.210327
0 0 0 0
1 0 0 0
23.90371 230.884 12.09079
0.01 -1E-08 0
255 255 255 255
0.887207 0.210327
0 0 0 0
1 0 0 0
23.90373 247.8791 12.09078
0.009999983 -1E-08 1.827001E-05
255 255 255 255
0.998047 0.0005000234
0 0 0 0
1 0 0 0
23.88203 247.8791 23.96451
0.009999983 -1E-08 1.827001E-05
255 255 255 255
0.887207 0.0005000234
0 0 0 0
1 0 0 0
23.90371 230.884 12.09079
0.009999983 -1E-08 1.827001E-05
255 255 255 255
0.998047 0.210327
0 0 0 0
1 0 0 0
23.88202 230.884 23.9645
0.009999983 0 1.826001E-05
255 255 255 255
0.887207 0.210327
0 0 0 0
1 0 0 0
23.90371 230.884 12.09079
0.009999983 0 1.826001E-05
255 255 255 255
0.998047 0.210327
0 0 0 0
1 0 0 0
23.88203 247.8791 23.96451
0.009999983 0 1.826001E-05
255 255 255 255
0.887207 0.0005000234
0 0 0 0
1 0 0 0
23.90373 247.8791 -11.92076
0.01 -2E-08 0
255 255 255 255
0.998047 0.0005000234
0 0 0 0
1 0 0 0
23.90373 247.8791 0.0850138
0.01 -2E-08 0
255 255 255 255
0.887207 0.0005000234
0 0 0 0
1 0 0 0
23.90371 230.884 -11.92075
0.01 -2E-08 0
255 255 255 255
0.998047 0.210327
0 0 0 0
1 0 0 0
23.90371 230.884 0.0850138
0.01 -1E-08 0
255 255 255 255
0.887207 0.210327
0 0 0 0
1 0 0 0
23.88202 213.8888 23.9645
0.002260641 0.009741124 3.270001E-06
255 255 255 255
0.100342 0.620605
0 0 0 0
1 0 0 0
25.4454 213.5254 25.52789
0.002263639 0.009740427 3.169999E-06
255 255 255 255
0.117065 0.640137
0 0 0 0
1 0 0 0
23.95116 213.8888 -23.86868
0.002263639 0.009740427 3.169999E-06
255 255 255 255
0.100342 0.01969898
0 0 0 0
1 0 0 0
25.51454 213.5254 -25.43205
0.00226664 0.00973973 3.08E-06
255 255 255 255
0.117065 0.0001999736
0 0 0 0
1 0 0 0
25.4454 213.5254 25.52789
0.00999999 0 1.357E-05
255 255 255 255
0.117065 0.640137
0 0 0 0
1 0 0 0
25.4454 212.4927 25.52789
0.00999999 0 1.357E-05
255 255 255 255
0.127563 0.640137
0 0 0 0
1 0 0 0
25.51454 213.5254 -25.43205
0.00999999 0 1.357E-05
255 255 255 255
0.117065 0.0001999736
0 0 0 0
1 0 0 0
25.51454 212.4927 -25.43205
0.00999999 0 1.357E-05
255 255 255 255
0.127563 0.0001999736
0 0 0 0
1 0 0 0
23.4982 70.51723 -20.65287
0.001954299 0.009807176 4.199999E-07
255 255 255 255
0.403564 0.916504
0 0 0 0
1 0 0 0
23.48932 70.51723 20.76015
0.001954159 0.009807204 4.099997E-07
255 255 255 255
0.403564 0.114075
0 0 0 0
1 0 0 0
25.86674 70.04529 -21.63394
0.001954159 0.009807204 4.099997E-07
255 255 255 255
0.375244 0.935547
0 0 0 0
1 0 0 0
25.85782 70.04529 21.74121
0.001954009 0.009807235 3.999998E-07
255 255 255 255
0.375244 0.09509301
0 0 0 0
1 0 0 0
20.33776 125.5949 -20.25528
0.009999985 0 1.702999E-05
255 255 255 255
0.354492 1.004883
0 0 0 0
1 0 0 0
20.26863 125.5949 20.35111
0.009999985 0 1.702999E-05
255 255 255 255
0.354492 0.005298972
0 0 0 0
1 0 0 0
20.33776 124.612 -20.25528
0.009999985 0 1.702999E-05
255 255 255 255
0.331055 1.004883
0 0 0 0
1 0 0 0
20.26863 124.612 20.35111
0.009999985 0 1.702999E-05
255 255 255 255
0.331055 0.005298972
0 0 0 0
1 0 0 0
20.33776 202.3888 -20.25528
0.009999985 0 1.702999E-05
255 255 255 255
0.331055 -0.003998041
0 0 0 0
1 0 0 0
20.26863 202.3888 20.3511
0.009999985 0 1.702999E-05
255 255 255 255
0.331055 0.995605
0 0 0 0
1 0 0 0
20.33776 201.4058 -20.25528
0.009999985 0 1.702999E-05
255 255 255 255
0.354492 -0.003998041
0 0 0 0
1 0 0 0
20.26863 201.4058 20.3511
0.009999985 0 1.702999E-05
255 255 255 255
0.354492 0.995605
0 0 0 0
1 0 0 0
20.26863 162.1415 20.3511
0.009999985 0 1.702999E-05
255 255 255 255
0.331055 1.00293
0 0 0 0
1 0 0 0
20.26863 161.1586 20.3511
0.009999985 0 1.702999E-05
255 255 255 255
0.354492 1.00293
0 0 0 0
1 0 0 0
20.33776 162.1415 -20.25528
0.009999985 0 1.702999E-05
255 255 255 255
0.331055 0.003697991
0 0 0 0
1 0 0 0
20.33776 161.1586 -20.25528
0.009999985 0 1.702999E-05
255 255 255 255
0.354492 0.003697991
0 0 0 0
1 0 0 0
23.88202 212.1294 23.9645
0.002260409 -0.009741178 3.269999E-06
255 255 255 255
0.144287 0.620605
0 0 0 0
1 0 0 0
23.95116 212.1294 -23.86868
0.00226341 -0.00974048 3.17E-06
255 255 255 255
0.144287 0.01969898
0 0 0 0
1 0 0 0
25.4454 212.4927 25.52789
0.00226341 -0.00974048 3.17E-06
255 255 255 255
0.127563 0.640137
0 0 0 0
1 0 0 0
25.51454 212.4927 -25.43205
0.002266411 -0.009739783 3.080001E-06
255 255 255 255
0.127563 0.0001999736
0 0 0 0
1 0 0 0
26.51953 248.8185 26.602
0.003351172 -0.009421764 4.360002E-06
255 255 255 255
0.347168 0.671387
0 0 0 0
1 0 0 0
23.88203 247.8791 23.96451
0.003366243 -0.009416388 5.270005E-06
255 255 255 255
0.365234 0.654297
0 0 0 0
1 0 0 0
26.58866 248.8185 -26.50618
0.003340812 -0.009425442 4.780031E-06
255 255 255 255
0.347168 0.327881
0 0 0 0
1 0 0 0
23.90373 247.8791 12.09078
0.003341829 -0.009425082 3.090027E-06
255 255 255 255
0.365234 0.57666
0 0 0 0
1 0 0 0
23.90373 247.8791 0.0850138
0.00330229 -0.009439008 0
255 255 255 255
0.365234 0.499512
0 0 0 0
1 0 0 0
23.90373 247.8791 -11.92076
0.003334619 -0.009427634 6.680038E-06
255 255 255 255
0.365234 0.422119
0 0 0 0
1 0 0 0
23.95116 247.8791 -23.86868
0.003366899 -0.009416146 1.337E-05
255 255 255 255
0.365234 0.344727
0 0 0 0
1 0 0 0
26.51953 248.8185 26.602
0.009999869 -4.932E-05 1.302E-05
255 255 255 255
0.347168 0.671387
0 0 0 0
1 0 0 0
26.58866 248.8185 -26.50618
0.009999877 -4.789998E-05 1.294E-05
255 255 255 255
0.347168 0.327881
0 0 0 0
1 0 0 0
26.53363 251.6743 26.58875
0.009999877 -4.789998E-05 1.294E-05
255 255 255 255
0.32959 0.671387
0 0 0 0
1 0 0 0
26.60192 251.6743 -26.49208
0.009999883 -4.648002E-05 1.286E-05
255 255 255 255
0.32959 0.327881
0 0 0 0
1 0 0 0
18.88001 202.8607 -18.79751
0.008776476 -0.004793037 1.609999E-05
255 255 255 255
0.419189 0.118286
0 0 0 0
1 0 0 0
23.95116 212.1294 -23.86868
0.008773164 -0.004799102 1.439001E-05
255 255 255 255
0.345459 0.07147199
0 0 0 0
1 0 0 0
18.81086 202.8607 18.89335
0.008773164 -0.004799102 1.439001E-05
255 255 255 255
0.419189 0.458252
0 0 0 0
1 0 0 0
23.88202 212.1294 23.9645
0.008769846 -0.004805168 1.267999E-05
255 255 255 255
0.345459 0.504883
0 0 0 0
1 0 0 0
18.85317 82.11904 16.65858
0.01 1E-08 2.68E-06
255 255 255 255
0.26416 0.205933
0 0 0 0
1 0 0 0
18.86207 82.11904 -16.5513
0.01 0 2.68E-06
255 255 255 255
0.421143 0.205933
0 0 0 0
1 0 0 0
18.85315 117.7022 16.65858
0.009999905 6.480197E-06 4.312131E-05
255 255 255 255
0.26416 0.03619403
0 0 0 0
1 0 0 0
18.86207 117.7022 -16.5513
0.009999956 -8.970068E-06 2.841021E-05
255 255 255 255
0.421143 0.03619403
0 0 0 0
1 0 0 0
18.88001 124.1401 -18.79751
0.009999937 1.080013E-05 3.36304E-05
255 255 255 255
0.431396 0.005496979
0 0 0 0
1 0 0 0
18.88001 120.1693 -18.79751
0.009999681 0 7.985E-05
255 255 255 255
0.431396 0.02439898
0 0 0 0
1 0 0 0
18.81086 124.1401 18.89335
0.009999418 2.966121E-05 0.0001037742
255 255 255 255
0.253662 0.005496979
0 0 0 0
1 0 0 0
18.81086 120.1693 18.89335
0.00999821 0 0.00018919
255 255 255 255
0.253662 0.02439898
0 0 0 0
1 0 0 0
23.95116 230.884 -23.86868
0.009999922 0 3.971E-05
255 255 255 255
0.345215 0.06866503
0 0 0 0
1 0 0 0
23.90371 230.884 -11.92075
0.009999971 1.396004E-05 1.986006E-05
255 255 255 255
0.345215 0.175903
0 0 0 0
1 0 0 0
23.95116 213.8888 -23.86868
0.009999986 9.020023E-06 1.449004E-05
255 255 255 255
0.431396 0.06866503
0 0 0 0
1 0 0 0
23.90371 230.884 0.0850138
0.009999961 2.792E-05 0
255 255 255 255
0.345215 0.283203
0 0 0 0
1 0 0 0
23.90371 230.884 12.09079
0.009999992 8.600019E-06 9.130021E-06
255 255 255 255
0.345215 0.390625
0 0 0 0
1 0 0 0
23.88202 230.884 23.9645
0.009999985 -5.360003E-06 1.636001E-05
255 255 255 255
0.345215 0.498047
0 0 0 0
1 0 0 0
23.88202 213.8888 23.9645
0.00999999 0 1.445E-05
255 255 255 255
0.431396 0.498047
0 0 0 0
1 0 0 0
20.33776 125.5949 -20.25528
0.003084829 0.009512297 5.249999E-06
255 255 255 255
0.354492 1.004883
0 0 0 0
1 0 0 0
18.88001 126.0669 -18.79751
0.003302392 0.009438972 -3.350885E-06
255 255 255 255
0.39209 0.969238
0 0 0 0
1 0 0 0
20.26863 125.5949 20.35111
0.003221954 0.009466731 5.001248E-06
255 255 255 255
0.354492 0.005298972
0 0 0 0
1 0 0 0
18.94413 126.0669 0.0850138
0.003290282 0.009443199 4.871439E-06
255 255 255 255
0.39209 0.504883
0 0 0 0
1 0 0 0
18.81086 126.0669 18.89335
0.00306041 0.009520158 2.169E-05
255 255 255 255
0.39209 0.04119903
0 0 0 0
1 0 0 0
18.81086 202.8607 18.89335
0.003074889 0.009515515 5.639997E-06
255 255 255 255
0.293457 0.959961
0 0 0 0
1 0 0 0
20.26863 202.3888 20.3511
0.00307983 0.009513917 5.449999E-06
255 255 255 255
0.331055 0.995605
0 0 0 0
1 0 0 0
18.88001 202.8607 -18.79751
0.00307983 0.009513917 5.449999E-06
255 255 255 255
0.293457 0.031982
0 0 0 0
1 0 0 0
20.33776 202.3888 -20.25528
0.003084769 0.009512316 5.249998E-06
255 255 255 255
0.331055 -0.003998041
0 0 0 0
1 0 0 0
20.33776 162.1415 -20.25528
0.003084889 0.009512277 5.249999E-06
255 255 255 255
0.331055 0.003697991
0 0 0 0
1 0 0 0
18.88001 162.6135 -18.79751
0.003302452 0.009438951 -3.350884E-06
255 255 255 255
0.293457 0.03967297
0 0 0 0
1 0 0 0
20.26863 162.1415 20.3511
0.003222013 0.009466711 5.001248E-06
255 255 255 255
0.331055 1.00293
0 0 0 0
1 0 0 0
18.94413 162.6135 0.0850138
0.003290342 0.009443179 4.871439E-06
255 255 255 255
0.293457 0.503418
0 0 0 0
1 0 0 0
18.81086 162.6135 18.89335
0.00306047 0.009520139 2.169E-05
255 255 255 255
0.293457 0.967773
0 0 0 0
1 0 0 0
18.86207 82.11904 -16.5513
0.002405419 0.009706387 6.399998E-07
255 255 255 255
0.39917 0.902832
0 0 0 0
1 0 0 0
18.85317 82.11904 16.65858
0.002405179 0.009706446 6.299998E-07
255 255 255 255
0.39917 0.100586
0 0 0 0
1 0 0 0
20.76673 81.64708 -17.34025
0.002405179 0.009706446 6.299998E-07
255 255 255 255
0.37085 0.921875
0 0 0 0
1 0 0 0
20.75782 81.64708 17.44751
0.002404939 0.009706506 6.199998E-07
255 255 255 255
0.37085 0.08154303
0 0 0 0
1 0 0 0
20.76673 81.64708 -17.34025
0.01 0 2.56E-06
255 255 255 255
0.37085 0.921875
0 0 0 0
1 0 0 0
20.75782 81.64708 17.44751
0.01 0 2.56E-06
255 255 255 255
0.37085 0.08154303
0 0 0 0
1 0 0 0
20.76673 80.66415 -17.34025
0.01 0 2.56E-06
255 255 255 255
0.312012 0.921875
0 0 0 0
1 0 0 0
20.75782 80.66415 17.44751
0.01 0 2.56E-06
255 255 255 255
0.312012 0.08154303
0 0 0 0
1 0 0 0
25.85782 70.04529 21.74121
0.01 0 2.06E-06
255 255 255 255
0.375244 0.09509301
0 0 0 0
1 0 0 0
25.85782 69.06236 21.74121
0.01 0 2.06E-06
255 255 255 255
0.316406 0.09509301
0 0 0 0
1 0 0 0
25.86674 70.04529 -21.63394
0.01 0 2.06E-06
255 255 255 255
0.375244 0.935547
0 0 0 0
1 0 0 0
25.86674 69.06236 -21.63394
0.01 0 2.06E-06
255 255 255 255
0.316406 0.935547
0 0 0 0
1 0 0 0
20.26863 124.612 20.35111
0.003075199 -0.009515415 5.239997E-06
255 255 255 255
0.331055 0.005298972
0 0 0 0
1 0 0 0
18.81086 124.1401 18.89335
0.003080139 -0.009513816 5.449998E-06
255 255 255 255
0.293457 0.04119903
0 0 0 0
1 0 0 0
20.33776 124.612 -20.25528
0.003080139 -0.009513816 5.449998E-06
255 255 255 255
0.331055 1.004883
0 0 0 0
1 0 0 0
18.88001 124.1401 -18.79751
0.003085082 -0.009512215 5.660003E-06
255 255 255 255
0.293457 0.969238
0 0 0 0
1 0 0 0
18.88001 200.9339 -18.79751
0.003070581 -0.009516901 -1.043E-05
255 255 255 255
0.39209 0.031982
0 0 0 0
1 0 0 0
20.33776 201.4058 -20.25528
0.003227248 -0.009464926 6.611758E-06
255 255 255 255
0.354492 -0.003998041
0 0 0 0
1 0 0 0
18.94413 200.9339 0.0850138
0.003302958 -0.009438772 7.302206E-06
255 255 255 255
0.39209 0.49585
0 0 0 0
1 0 0 0
18.81086 200.9339 18.89335
0.003305274 -0.009437951 1.514446E-05
255 255 255 255
0.39209 0.959961
0 0 0 0
1 0 0 0
20.26863 201.4058 20.3511
0.00307525 -0.009515398 5.239999E-06
255 255 255 255
0.354492 0.995605
0 0 0 0
1 0 0 0
-18.81086 120.1693 -18.86666
7.987001E-05 0 -0.009999681
255 255 255 255
0.431396 0.02439898
0 0 0 0
1 0 0 0
-18.81086 124.1401 -18.86666
3.36304E-05 1.080013E-05 -0.009999937
255 255 255 255
0.431396 0.005496979
0 0 0 0
1 0 0 0
-16.56465 117.7022 -18.84872
2.841021E-05 -8.980068E-06 -0.009999956
255 255 255 255
0.421143 0.03619403
0 0 0 0
1 0 0 0
18.88001 124.1401 -18.79751
0.0001037842 2.966121E-05 -0.009999418
255 255 255 255
0.253662 0.005496979
0 0 0 0
1 0 0 0
16.64523 117.7022 -18.8398
4.312131E-05 6.480197E-06 -0.009999905
255 255 255 255
0.26416 0.03619403
0 0 0 0
1 0 0 0
18.88001 120.1693 -18.79751
0.00018921 0 -0.00999821
255 255 255 255
0.253662 0.02439898
0 0 0 0
1 0 0 0
-16.56465 82.11904 -18.84872
2.68E-06 0 -0.01
255 255 255 255
0.421143 0.205933
0 0 0 0
1 0 0 0
16.64524 82.11904 -18.83983
2.68E-06 1E-08 -0.01
255 255 255 255
0.26416 0.205933
0 0 0 0
1 0 0 0
-18.88 120.1693 18.8242
-0.009999681 0 -7.986001E-05
255 255 255 255
0.431396 0.02439898
0 0 0 0
1 0 0 0
-18.88 124.1401 18.8242
-0.009999937 1.080013E-05 -3.36304E-05
255 255 255 255
0.431396 0.005496979
0 0 0 0
1 0 0 0
-18.86207 117.7022 16.57799
-0.009999956 -8.980068E-06 -2.841021E-05
255 255 255 255
0.421143 0.03619403
0 0 0 0
1 0 0 0
-18.85315 117.7022 -16.63188
-0.009999905 6.480197E-06 -4.312131E-05
255 255 255 255
0.26416 0.03619403
0 0 0 0
1 0 0 0
-18.81086 124.1401 -18.86666
-0.009999418 2.966121E-05 -0.0001037742
255 255 255 255
0.253662 0.005496979
0 0 0 0
1 0 0 0
-18.81086 120.1693 -18.86666
-0.00999821 0 -0.0001892
255 255 255 255
0.253662 0.02439898
0 0 0 0
1 0 0 0
-18.85317 82.11904 -16.63189
-0.01 1E-08 -2.68E-06
255 255 255 255
0.26416 0.205933
0 0 0 0
1 0 0 0
-18.86207 82.11904 16.57799
-0.01 0 -2.68E-06
255 255 255 255
0.421143 0.205933
0 0 0 0
1 0 0 0
-20.66622 70.51723 -23.48486
1.72E-06 0.00595824 -0.00803115
255 255 255 255
0.414795 0.106873
0 0 0 0
1 0 0 0
-18.39999 73.96935 -20.92327
2.002247E-06 0.00508318 -0.008611694
255 255 255 255
0.387451 0.127319
0 0 0 0
1 0 0 0
20.7468 70.51723 -23.47597
1.830001E-06 0.005959032 -0.008030563
255 255 255 255
0.414795 0.481445
0 0 0 0
1 0 0 0
18.48057 73.96935 -20.91437
2.285396E-06 0.004141077 -0.009102278
255 255 255 255
0.387451 0.460937
0 0 0 0
1 0 0 0
-16.56465 80.19219 -18.84872
2.42E-06 0.00316267 -0.009486701
255 255 255 255
0.337891 0.143921
0 0 0 0
1 0 0 0
16.64524 80.19219 -18.83983
2.540001E-06 0.0031633 -0.009486492
255 255 255 255
0.337891 0.444336
0 0 0 0
1 0 0 0
23.4982 70.51723 -20.65287
0.008031155 0.005958233 1.720001E-06
255 255 255 255
0.414795 0.106873
0 0 0 0
1 0 0 0
20.93662 73.96935 -18.38665
0.008611694 0.00508318 2.002247E-06
255 255 255 255
0.387451 0.127319
0 0 0 0
1 0 0 0
23.48932 70.51723 20.76015
0.008030563 0.005959032 1.830001E-06
255 255 255 255
0.414795 0.481445
0 0 0 0
1 0 0 0
20.92771 73.96935 18.49391
0.009102278 0.004141077 2.285396E-06
255 255 255 255
0.387451 0.460937
0 0 0 0
1 0 0 0
18.86207 80.19219 -16.5513
0.009486701 0.00316267 2.42E-06
255 255 255 255
0.337891 0.143921
0 0 0 0
1 0 0 0
18.85317 80.19219 16.65858
0.009486488 0.00316331 2.54E-06
255 255 255 255
0.337891 0.444336
0 0 0 0
1 0 0 0
-25.85782 70.04529 -21.71452
-0.01 0 -2.06E-06
255 255 255 255
0.375244 0.09509301
0 0 0 0
1 0 0 0
-25.85782 69.06236 -21.71452
-0.01 0 -2.06E-06
255 255 255 255
0.316406 0.09509301
0 0 0 0
1 0 0 0
-25.86674 70.04529 21.66063
-0.01 0 -2.06E-06
255 255 255 255
0.375244 0.935547
0 0 0 0
1 0 0 0
-25.86674 69.06236 21.66063
-0.01 0 -2.06E-06
255 255 255 255
0.316406 0.935547
0 0 0 0
1 0 0 0
-20.76673 81.64708 17.36694
-0.01 0 -2.56E-06
255 255 255 255
0.37085 0.921875
0 0 0 0
1 0 0 0
-20.75783 81.64708 -17.42081
-0.01 0 -2.56E-06
255 255 255 255
0.37085 0.08154303
0 0 0 0
1 0 0 0
-20.76673 80.66415 17.36694
-0.01 0 -2.56E-06
255 255 255 255
0.312012 0.921875
0 0 0 0
1 0 0 0
-20.75783 80.66415 -17.42081
-0.01 0 -2.56E-06
255 255 255 255
0.312012 0.08154303
0 0 0 0
1 0 0 0
-18.86207 82.11904 16.57799
-0.002405419 0.009706387 -6.399998E-07
255 255 255 255
0.39917 0.902832
0 0 0 0
1 0 0 0
-18.85317 82.11904 -16.63189
-0.002405179 0.009706446 -6.299998E-07
255 255 255 255
0.39917 0.100586
0 0 0 0
1 0 0 0
-20.76673 81.64708 17.36694
-0.002405179 0.009706446 -6.299998E-07
255 255 255 255
0.37085 0.921875
0 0 0 0
1 0 0 0
-20.75783 81.64708 -17.42081
-0.002404939 0.009706506 -6.199998E-07
255 255 255 255
0.37085 0.08154303
0 0 0 0
1 0 0 0
-20.33776 162.1415 20.28197
-0.003084889 0.009512277 -5.249999E-06
255 255 255 255
0.331055 0.003697991
0 0 0 0
1 0 0 0
-18.88 162.6135 18.8242
-0.003302452 0.009438951 3.350884E-06
255 255 255 255
0.293457 0.03967297
0 0 0 0
1 0 0 0
-20.26863 162.1415 -20.32442
-0.003222013 0.009466711 -5.001248E-06
255 255 255 255
0.331055 1.00293
0 0 0 0
1 0 0 0
-18.94413 162.6135 -0.05832348
-0.003290342 0.009443179 -4.871439E-06
255 255 255 255
0.293457 0.503418
0 0 0 0
1 0 0 0
-18.81086 162.6135 -18.86666
-0.00306047 0.009520139 -2.169E-05
255 255 255 255
0.293457 0.967773
0 0 0 0
1 0 0 0
-18.81086 202.8607 -18.86666
-0.003074889 0.009515515 -5.639997E-06
255 255 255 255
0.293457 0.959961
0 0 0 0
1 0 0 0
-20.26863 202.3888 -20.32442
-0.00307983 0.009513917 -5.449999E-06
255 255 255 255
0.331055 0.995605
0 0 0 0
1 0 0 0
-18.88 202.8607 18.8242
-0.00307983 0.009513917 -5.449999E-06
255 255 255 255
0.293457 0.031982
0 0 0 0
1 0 0 0
-20.33776 202.3888 20.28197
-0.003084769 0.009512316 -5.249998E-06
255 255 255 255
0.331055 -0.003998041
0 0 0 0
1 0 0 0
-20.33776 125.5949 20.28197
-0.003084829 0.009512297 -5.249999E-06
255 255 255 255
0.354492 1.004883
0 0 0 0
1 0 0 0
-18.88 126.0669 18.8242
-0.003302392 0.009438972 3.350885E-06
255 255 255 255
0.39209 0.969238
0 0 0 0
1 0 0 0
-20.26863 125.5949 -20.32442
-0.003221954 0.009466731 -5.001248E-06
255 255 255 255
0.354492 0.005298972
0 0 0 0
1 0 0 0
-18.94413 126.0669 -0.05832348
-0.003290282 0.009443199 -4.871439E-06
255 255 255 255
0.39209 0.504883
0 0 0 0
1 0 0 0
-18.81086 126.0669 -18.86666
-0.00306041 0.009520158 -2.169E-05
255 255 255 255
0.39209 0.04119903
0 0 0 0
1 0 0 0
-23.88202 230.884 -23.93781
-0.009999983 0 -1.826001E-05
255 255 255 255
0.345215 0.498047
0 0 0 0
1 0 0 0
-23.88202 213.8888 -23.93781
-0.009999994 -1.740001E-06 -1.09E-05
255 255 255 255
0.431396 0.498047
0 0 0 0
1 0 0 0
-23.90371 230.884 -12.06409
-0.009999994 -6.380003E-06 -9.130004E-06
255 255 255 255
0.345215 0.390625
0 0 0 0
1 0 0 0
-23.90371 230.884 -0.05832348
-0.009999996 7.570012E-06 -4.820008E-06
255 255 255 255
0.345215 0.283203
0 0 0 0
1 0 0 0
-23.95116 213.8888 23.89537
-0.009999976 1.182002E-05 -1.806003E-05
255 255 255 255
0.431396 0.06866503
0 0 0 0
1 0 0 0
-23.90371 230.884 11.94745
-0.009999971 1.396004E-05 -1.986006E-05
255 255 255 255
0.345215 0.175903
0 0 0 0
1 0 0 0
-23.95116 230.884 23.89537
-0.009999922 0 -3.971E-05
255 255 255 255
0.345215 0.06866503
0 0 0 0
1 0 0 0
20.33776 161.1586 -20.25528
0.003084769 -0.009512316 5.249998E-06
255 255 255 255
0.354492 0.003697991
0 0 0 0
1 0 0 0
20.26863 161.1586 20.3511
0.003221891 -0.009466752 5.001243E-06
255 255 255 255
0.354492 1.00293
0 0 0 0
1 0 0 0
18.88001 160.6867 -18.79751
0.003302323 -0.009438996 -3.350886E-06
255 255 255 255
0.39209 0.03967297
0 0 0 0
1 0 0 0
18.94413 160.6867 0.0850138
0.003290214 -0.009443223 4.871441E-06
255 255 255 255
0.39209 0.503418
0 0 0 0
1 0 0 0
18.81086 160.6867 18.89335
0.003060349 -0.009520178 2.169E-05
255 255 255 255
0.39209 0.967773
0 0 0 0
1 0 0 0
-18.88 202.8607 18.8242
-0.008776476 -0.004793037 -1.609999E-05
255 255 255 255
0.419189 0.118286
0 0 0 0
1 0 0 0
-23.95116 212.1294 23.89537
-0.008773164 -0.004799102 -1.439001E-05
255 255 255 255
0.345459 0.07147199
0 0 0 0
1 0 0 0
-18.81086 202.8607 -18.86666
-0.008773164 -0.004799102 -1.439001E-05
255 255 255 255
0.419189 0.458252
0 0 0 0
1 0 0 0
-23.88202 212.1294 -23.93781
-0.008769846 -0.004805168 -1.267999E-05
255 255 255 255
0.345459 0.504883
0 0 0 0
1 0 0 0
-26.51953 248.8185 -26.57531
-0.009999869 -4.932E-05 -1.302E-05
255 255 255 255
0.347168 0.671387
0 0 0 0
1 0 0 0
-26.58866 248.8185 26.53287
-0.009999877 -4.789998E-05 -1.294E-05
255 255 255 255
0.347168 0.327881
0 0 0 0
1 0 0 0
-26.53363 251.6743 -26.56206
-0.009999877 -4.789998E-05 -1.294E-05
255 255 255 255
0.32959 0.671387
0 0 0 0
1 0 0 0
-26.60192 251.6743 26.51877
-0.009999883 -4.648002E-05 -1.286E-05
255 255 255 255
0.32959 0.327881
0 0 0 0
1 0 0 0
-26.51953 248.8185 -26.57531
-0.003351172 -0.009421764 -4.360002E-06
255 255 255 255
0.347168 0.671387
0 0 0 0
1 0 0 0
-23.88203 247.8791 -23.93782
-0.003366243 -0.009416388 -5.270005E-06
255 255 255 255
0.365234 0.654297
0 0 0 0
1 0 0 0
-26.58866 248.8185 26.53287
-0.003340812 -0.009425442 -4.780031E-06
255 255 255 255
0.347168 0.327881
0 0 0 0
1 0 0 0
-23.90373 247.8791 -12.06409
-0.003341829 -0.009425082 -3.090027E-06
255 255 255 255
0.365234 0.57666
0 0 0 0
1 0 0 0
-23.90373 247.8791 -0.05832348
-0.00330229 -0.009439008 0
255 255 255 255
0.365234 0.499512
0 0 0 0
1 0 0 0
-23.90373 247.8791 11.94745
-0.00333461 -0.009427636 -6.68004E-06
255 255 255 255
0.365234 0.422119
0 0 0 0
1 0 0 0
-23.95116 247.8791 23.89538
-0.003366899 -0.009416146 -1.337E-05
255 255 255 255
0.365234 0.344727
0 0 0 0
1 0 0 0
-23.88202 212.1294 -23.93781
-0.002260409 -0.009741178 -3.269999E-06
255 255 255 255
0.144287 0.620605
0 0 0 0
1 0 0 0
-23.95116 212.1294 23.89537
-0.00226341 -0.00974048 -3.17E-06
255 255 255 255
0.144287 0.01969898
0 0 0 0
1 0 0 0
-25.4454 212.4927 -25.5012
-0.00226341 -0.00974048 -3.17E-06
255 255 255 255
0.127563 0.640137
0 0 0 0
1 0 0 0
-25.51454 212.4927 25.45874
-0.00226642 -0.009739781 -3.07E-06
255 255 255 255
0.127563 0.0001999736
0 0 0 0
1 0 0 0
-20.26863 162.1415 -20.32442
-0.009999985 0 -1.702999E-05
255 255 255 255
0.331055 1.00293
0 0 0 0
1 0 0 0
-20.26863 161.1586 -20.32442
-0.009999985 0 -1.702999E-05
255 255 255 255
0.354492 1.00293
0 0 0 0
1 0 0 0
-20.33776 162.1415 20.28197
-0.009999985 0 -1.702999E-05
255 255 255 255
0.331055 0.003697991
0 0 0 0
1 0 0 0
-20.33776 161.1586 20.28197
-0.009999985 0 -1.702999E-05
255 255 255 255
0.354492 0.003697991
0 0 0 0
1 0 0 0
-20.33776 202.3888 20.28197
-0.009999985 0 -1.702999E-05
255 255 255 255
0.331055 -0.003998041
0 0 0 0
1 0 0 0
-20.26863 202.3888 -20.32442
-0.009999985 0 -1.702999E-05
255 255 255 255
0.331055 0.995605
0 0 0 0
1 0 0 0
-20.33776 201.4058 20.28197
-0.009999985 0 -1.702999E-05
255 255 255 255
0.354492 -0.003998041
0 0 0 0
1 0 0 0
-20.26863 201.4058 -20.32442
-0.009999985 0 -1.702999E-05
255 255 255 255
0.354492 0.995605
0 0 0 0
1 0 0 0
-20.33776 125.5949 20.28197
-0.009999985 0 -1.702999E-05
255 255 255 255
0.354492 1.004883
0 0 0 0
1 0 0 0
-20.26863 125.5949 -20.32442
-0.009999985 0 -1.702999E-05
255 255 255 255
0.354492 0.005298972
0 0 0 0
1 0 0 0
-20.33776 124.612 20.28197
-0.009999985 0 -1.702999E-05
255 255 255 255
0.331055 1.004883
0 0 0 0
1 0 0 0
-20.26863 124.612 -20.32442
-0.009999985 0 -1.702999E-05
255 255 255 255
0.331055 0.005298972
0 0 0 0
1 0 0 0
-23.4982 70.51723 20.67957
-0.001954299 0.009807176 -4.199999E-07
255 255 255 255
0.403564 0.916504
0 0 0 0
1 0 0 0
-23.48932 70.51723 -20.73345
-0.001954159 0.009807204 -4.099997E-07
255 255 255 255
0.403564 0.114075
0 0 0 0
1 0 0 0
-25.86674 70.04529 21.66063
-0.001954159 0.009807204 -4.099997E-07
255 255 255 255
0.375244 0.935547
0 0 0 0
1 0 0 0
-25.85782 70.04529 -21.71452
-0.001954011 0.009807235 -4.000002E-07
255 255 255 255
0.375244 0.09509301
0 0 0 0
1 0 0 0
-25.4454 213.5254 -25.5012
-0.00999999 0 -1.357E-05
255 255 255 255
0.117065 0.640137
0 0 0 0
1 0 0 0
-25.4454 212.4927 -25.5012
-0.00999999 0 -1.357E-05
255 255 255 255
0.127563 0.640137
0 0 0 0
1 0 0 0
-25.51454 213.5254 25.45874
-0.00999999 0 -1.357E-05
255 255 255 255
0.117065 0.0001999736
0 0 0 0
1 0 0 0
-25.51454 212.4927 25.45874
-0.00999999 0 -1.357E-05
255 255 255 255
0.127563 0.0001999736
0 0 0 0
1 0 0 0
-23.88202 213.8888 -23.93781
-0.002260641 0.009741124 -3.270001E-06
255 255 255 255
0.100342 0.620605
0 0 0 0
1 0 0 0
-25.4454 213.5254 -25.5012
-0.002263639 0.009740427 -3.169999E-06
255 255 255 255
0.117065 0.640137
0 0 0 0
1 0 0 0
-23.95116 213.8888 23.89537
-0.002263639 0.009740427 -3.169999E-06
255 255 255 255
0.100342 0.01969898
0 0 0 0
1 0 0 0
-25.51454 213.5254 25.45874
-0.002266649 0.009739727 -3.079999E-06
255 255 255 255
0.117065 0.0001999736
0 0 0 0
1 0 0 0
-18.85317 80.19219 -16.63189
-0.009486488 0.00316331 -2.54E-06
255 255 255 255
0.337891 0.444336
0 0 0 0
1 0 0 0
-20.92772 73.96935 -18.46722
-0.009102278 0.004141077 -2.285396E-06
255 255 255 255
0.387451 0.460937
0 0 0 0
1 0 0 0
-18.86207 80.19219 16.57799
-0.009486701 0.00316267 -2.42E-06
255 255 255 255
0.337891 0.143921
0 0 0 0
1 0 0 0
-20.93662 73.96935 18.41334
-0.008611694 0.00508318 -2.002247E-06
255 255 255 255
0.387451 0.127319
0 0 0 0
1 0 0 0
-23.48932 70.51723 -20.73345
-0.008030563 0.005959032 -1.830001E-06
255 255 255 255
0.414795 0.481445
0 0 0 0
1 0 0 0
-23.4982 70.51723 20.67957
-0.00803115 0.00595824 -1.72E-06
255 255 255 255
0.414795 0.106873
0 0 0 0
1 0 0 0
-23.90373 247.8791 11.94745
-0.01 -1E-08 0
255 255 255 255
0.998047 0.0005000234
0 0 0 0
1 0 0 0
-23.90373 247.8791 -0.05832348
-0.01 -1E-08 0
255 255 255 255
0.887207 0.0005000234
0 0 0 0
1 0 0 0
-23.90371 230.884 11.94745
-0.01 -1E-08 0
255 255 255 255
0.998047 0.210327
0 0 0 0
1 0 0 0
-23.90371 230.884 -0.05832348
-0.01 -1E-08 0
255 255 255 255
0.887207 0.210327
0 0 0 0
1 0 0 0
-23.90373 247.8791 -12.06409
-0.009999983 -1E-08 -1.827001E-05
255 255 255 255
0.998047 0.0005000234
0 0 0 0
1 0 0 0
-23.88203 247.8791 -23.93782
-0.009999983 -1E-08 -1.827001E-05
255 255 255 255
0.887207 0.0005000234
0 0 0 0
1 0 0 0
-23.90371 230.884 -12.06409
-0.009999983 -1E-08 -1.827001E-05
255 255 255 255
0.998047 0.210327
0 0 0 0
1 0 0 0
-23.88202 230.884 -23.93781
-0.009999983 0 -1.826001E-05
255 255 255 255
0.887207 0.210327
0 0 0 0
1 0 0 0
-23.90371 230.884 -12.06409
-0.009999983 0 -1.826001E-05
255 255 255 255
0.998047 0.210327
0 0 0 0
1 0 0 0
-23.88203 247.8791 -23.93782
-0.009999983 0 -1.826001E-05
255 255 255 255
0.887207 0.0005000234
0 0 0 0
1 0 0 0
-23.90373 247.8791 -0.05832348
-0.01 -1E-08 0
255 255 255 255
0.998047 0.0005000234
0 0 0 0
1 0 0 0
-23.90373 247.8791 -12.06409
-0.01 -1E-08 0
255 255 255 255
0.887207 0.0005000234
0 0 0 0
1 0 0 0
-23.90371 230.884 -0.05832348
-0.01 -1E-08 0
255 255 255 255
0.998047 0.210327
0 0 0 0
1 0 0 0
-23.90371 230.884 -12.06409
-0.01 -1E-08 0
255 255 255 255
0.887207 0.210327
0 0 0 0
1 0 0 0
-23.90371 230.884 11.94745
-0.009999922 -1E-08 -3.971E-05
255 255 255 255
0.998047 0.210327
0 0 0 0
1 0 0 0
-23.95116 230.884 23.89537
-0.009999922 -1E-08 -3.971E-05
255 255 255 255
0.887207 0.210327
0 0 0 0
1 0 0 0
-23.90373 247.8791 11.94745
-0.009999922 -1E-08 -3.971E-05
255 255 255 255
0.998047 0.0005000234
0 0 0 0
1 0 0 0
-23.95116 247.8791 23.89538
-0.009999922 0 -3.97E-05
255 255 255 255
0.887207 0.0005000234
0 0 0 0
1 0 0 0
-18.94413 126.0669 -0.05832348
-0.009999942 0 3.396E-05
255 255 255 255
0.593262 0.976074
0 0 0 0
1 0 0 0
-18.88 126.0669 18.8242
-0.009999942 0 3.396E-05
255 255 255 255
0.388672 0.976074
0 0 0 0
1 0 0 0
-18.94413 160.6867 -0.05832348
-0.009999942 0 3.396E-05
255 255 255 255
0.593262 0.64502
0 0 0 0
1 0 0 0
-18.88 160.6867 18.8242
-0.009999942 0 3.396E-05
255 255 255 255
0.388672 0.64502
0 0 0 0
1 0 0 0
-18.94413 162.6135 -0.05832348
-0.009999942 0 3.396E-05
255 255 255 255
0.593262 0.626953
0 0 0 0
1 0 0 0
-18.88 162.6135 18.8242
-0.009999942 0 3.396E-05
255 255 255 255
0.388672 0.626953
0 0 0 0
1 0 0 0
-18.94413 200.9339 -0.05832348
-0.009999942 0 3.396E-05
255 255 255 255
0.593262 0.260986
0 0 0 0
1 0 0 0
-18.88 200.9339 18.8242
-0.009999942 0 3.396E-05
255 255 255 255
0.388672 0.260986
0 0 0 0
1 0 0 0
-23.58025 0.6611696 -0.05832348
-0.009999922 0 3.957001E-05
255 255 255 255
1.513672 0.998535
0 0 0 0
1 0 0 0
-23.4982 0.6611696 20.67957
-0.009999922 0 3.957001E-05
255 255 255 255
1.251953 0.998535
0 0 0 0
1 0 0 0
-23.58025 68.59039 -0.05832348
-0.009999922 0 3.957001E-05
255 255 255 255
1.513672 0.458252
0 0 0 0
1 0 0 0
-23.4982 68.59039 20.67957
-0.009999922 0 3.957001E-05
255 255 255 255
1.251953 0.458252
0 0 0 0
1 0 0 0
18.88001 126.0669 -18.79751
7.085999E-05 0 -0.009999749
255 255 255 255
0.38916 0.976074
0 0 0 0
1 0 0 0
0.07166864 126.0669 -18.93079
7.085999E-05 0 -0.009999749
255 255 255 255
0.593262 0.976074
0 0 0 0
1 0 0 0
18.88001 160.6867 -18.79751
7.085999E-05 0 -0.009999749
255 255 255 255
0.38916 0.64502
0 0 0 0
1 0 0 0
0.07166864 160.6867 -18.93079
7.085999E-05 0 -0.009999749
255 255 255 255
0.593262 0.64502
0 0 0 0
1 0 0 0
18.88001 162.6135 -18.79751
7.085999E-05 0 -0.009999749
255 255 255 255
0.38916 0.626953
0 0 0 0
1 0 0 0
0.07166864 162.6135 -18.93079
7.085999E-05 0 -0.009999749
255 255 255 255
0.593262 0.626953
0 0 0 0
1 0 0 0
18.88001 200.9339 -18.79751
7.085999E-05 0 -0.009999749
255 255 255 255
0.38916 0.260986
0 0 0 0
1 0 0 0
0.07166864 200.9339 -18.93079
7.085999E-05 0 -0.009999749
255 255 255 255
0.593262 0.260986
0 0 0 0
1 0 0 0
-21.64728 69.06236 -25.85339
3.999998E-07 -0.009807165 -0.001954359
255 255 255 255
0.316406 0.935547
0 0 0 0
1 0 0 0
21.72787 69.06236 -25.84447
2.20006E-07 -0.009797257 -0.002003435
255 255 255 255
0.316406 0.09509301
0 0 0 0
1 0 0 0
-20.66622 68.59039 -23.48486
-3.960119E-06 -0.009791845 -0.002029721
255 255 255 255
0.288086 0.916504
0 0 0 0
1 0 0 0
0.07166864 68.59039 -23.56691
1.30004E-07 -0.009792211 -0.002027952
255 255 255 255
0.288086 0.515137
0 0 0 0
1 0 0 0
20.7468 68.59039 -23.47597
8.579997E-06 -0.009807867 -0.001950809
255 255 255 255
0.288086 0.114075
0 0 0 0
1 0 0 0
20.75782 80.66415 17.44751
0.002404939 -0.009706506 6.199998E-07
255 255 255 255
0.312012 0.08154303
0 0 0 0
1 0 0 0
18.85317 80.19219 16.65858
0.002405179 -0.009706446 6.299998E-07
255 255 255 255
0.283691 0.100586
0 0 0 0
1 0 0 0
20.76673 80.66415 -17.34025
0.002405179 -0.009706446 6.299998E-07
255 255 255 255
0.312012 0.921875
0 0 0 0
1 0 0 0
18.86207 80.19219 -16.5513
0.002405419 -0.009706387 6.399998E-07
255 255 255 255
0.283691 0.902832
0 0 0 0
1 0 0 0
25.86674 69.06236 -21.63394
0.001954359 -0.009807165 3.999998E-07
255 255 255 255
0.316406 0.935547
0 0 0 0
1 0 0 0
25.85782 69.06236 21.74121
0.002003425 -0.009797259 2.20006E-07
255 255 255 255
0.316406 0.09509301
0 0 0 0
1 0 0 0
23.4982 68.59039 -20.65287
0.002029721 -0.009791845 -3.960119E-06
255 255 255 255
0.288086 0.916504
0 0 0 0
1 0 0 0
23.58025 68.59039 0.0850138
0.002027943 -0.009792213 1.30004E-07
255 255 255 255
0.288086 0.515137
0 0 0 0
1 0 0 0
23.48932 68.59039 20.76015
0.001950809 -0.009807867 8.579997E-06
255 255 255 255
0.288086 0.114075
0 0 0 0
1 0 0 0
17.43416 80.66415 -20.74448
6.199998E-07 -0.009706506 -0.002404939
255 255 255 255
0.312012 0.08154303
0 0 0 0
1 0 0 0
16.64524 80.19219 -18.83983
6.299998E-07 -0.009706446 -0.002405179
255 255 255 255
0.283691 0.100586
0 0 0 0
1 0 0 0
-17.35359 80.66415 -20.75338
6.299998E-07 -0.009706446 -0.002405179
255 255 255 255
0.312012 0.921875
0 0 0 0
1 0 0 0
-16.56465 80.19219 -18.84872
6.399998E-07 -0.009706387 -0.002405419
255 255 255 255
0.283691 0.902832
0 0 0 0
1 0 0 0
-20.26863 161.1586 -20.32442
5.249998E-06 -0.009512316 -0.003084769
255 255 255 255
0.354492 0.003697991
0 0 0 0
1 0 0 0
20.33776 161.1586 -20.25528
5.001243E-06 -0.009466752 -0.003221891
255 255 255 255
0.354492 1.00293
0 0 0 0
1 0 0 0
-18.81086 160.6867 -18.86666
-3.350885E-06 -0.009438992 -0.003302332
255 255 255 255
0.39209 0.03967297
0 0 0 0
1 0 0 0
0.07166864 160.6867 -18.93079
4.87144E-06 -0.009443221 -0.003290222
255 255 255 255
0.39209 0.503418
0 0 0 0
1 0 0 0
18.88001 160.6867 -18.79751
2.169E-05 -0.009520178 -0.003060349
255 255 255 255
0.39209 0.967773
0 0 0 0
1 0 0 0
18.81086 162.6135 18.89335
0.009999749 0 7.085999E-05
255 255 255 255
0.38916 0.626953
0 0 0 0
1 0 0 0
18.94413 162.6135 0.0850138
0.009999749 0 7.085999E-05
255 255 255 255
0.593262 0.626953
0 0 0 0
1 0 0 0
18.81086 200.9339 18.89335
0.009999749 0 7.085999E-05
255 255 255 255
0.38916 0.260986
0 0 0 0
1 0 0 0
18.94413 200.9339 0.0850138
0.009999749 0 7.085999E-05
255 255 255 255
0.593262 0.260986
0 0 0 0
1 0 0 0
18.81086 126.0669 18.89335
0.009999749 0 7.085999E-05
255 255 255 255
0.38916 0.976074
0 0 0 0
1 0 0 0
18.94413 126.0669 0.0850138
0.009999749 0 7.085999E-05
255 255 255 255
0.593262 0.976074
0 0 0 0
1 0 0 0
18.81086 160.6867 18.89335
0.009999749 0 7.085999E-05
255 255 255 255
0.38916 0.64502
0 0 0 0
1 0 0 0
18.94413 160.6867 0.0850138
0.009999749 0 7.085999E-05
255 255 255 255
0.593262 0.64502
0 0 0 0
1 0 0 0
-0.07166864 0.6611696 23.5936
3.957001E-05 0 0.009999922
255 255 255 255
1.513672 0.998535
0 0 0 0
1 0 0 0
20.66622 0.6611696 23.51155
3.957001E-05 0 0.009999922
255 255 255 255
1.251953 0.998535
0 0 0 0
1 0 0 0
-0.07166864 68.59039 23.5936
3.957001E-05 0 0.009999922
255 255 255 255
1.513672 0.458252
0 0 0 0
1 0 0 0
20.66622 68.59039 23.51155
3.957001E-05 0 0.009999922
255 255 255 255
1.251953 0.458252
0 0 0 0
1 0 0 0
-0.07166864 162.6135 18.95748
3.396E-05 0 0.009999942
255 255 255 255
0.593262 0.626953
0 0 0 0
1 0 0 0
18.81086 162.6135 18.89335
3.396E-05 0 0.009999942
255 255 255 255
0.388672 0.626953
0 0 0 0
1 0 0 0
-0.07166864 200.9339 18.95748
3.396E-05 0 0.009999942
255 255 255 255
0.593262 0.260986
0 0 0 0
1 0 0 0
18.81086 200.9339 18.89335
3.396E-05 0 0.009999942
255 255 255 255
0.388672 0.260986
0 0 0 0
1 0 0 0
-0.07166864 126.0669 18.95748
3.396E-05 0 0.009999942
255 255 255 255
0.593262 0.976074
0 0 0 0
1 0 0 0
18.81086 126.0669 18.89335
3.396E-05 0 0.009999942
255 255 255 255
0.388672 0.976074
0 0 0 0
1 0 0 0
-0.07166864 160.6867 18.95748
3.396E-05 0 0.009999942
255 255 255 255
0.593262 0.64502
0 0 0 0
1 0 0 0
18.81086 160.6867 18.89335
3.396E-05 0 0.009999942
255 255 255 255
0.388672 0.64502
0 0 0 0
1 0 0 0
11.9341 230.884 23.91705
-3.971E-05 -2E-08 0.009999922
255 255 255 255
0.998047 0.210327
0 0 0 0
1 0 0 0
23.88202 230.884 23.9645
-3.971E-05 -1E-08 0.009999922
255 255 255 255
0.887207 0.210327
0 0 0 0
1 0 0 0
11.9341 247.8791 23.91708
-3.971E-05 -1E-08 0.009999922
255 255 255 255
0.998047 0.0005000234
0 0 0 0
1 0 0 0
23.88203 247.8791 23.96451
-3.97E-05 0 0.009999922
255 255 255 255
0.887207 0.0005000234
0 0 0 0
1 0 0 0
-0.07166864 247.8791 23.91708
0 -2E-08 0.01
255 255 255 255
0.998047 0.0005000234
0 0 0 0
1 0 0 0
-12.07744 247.8791 23.91708
0 -2E-08 0.01
255 255 255 255
0.887207 0.0005000234
0 0 0 0
1 0 0 0
-0.07166864 230.884 23.91705
0 -2E-08 0.01
255 255 255 255
0.998047 0.210327
0 0 0 0
1 0 0 0
-12.07744 230.884 23.91705
0 -2E-08 0.01
255 255 255 255
0.887207 0.210327
0 0 0 0
1 0 0 0
-12.07744 247.8791 23.91708
-1.828001E-05 -2.000001E-08 0.009999983
255 255 255 255
0.998047 0.0005000234
0 0 0 0
1 0 0 0
-23.95116 247.8791 23.89538
-1.827001E-05 -1E-08 0.009999983
255 255 255 255
0.887207 0.0005000234
0 0 0 0
1 0 0 0
-12.07744 230.884 23.91705
-1.827001E-05 -1E-08 0.009999983
255 255 255 255
0.998047 0.210327
0 0 0 0
1 0 0 0
-23.95116 230.884 23.89537
-1.826001E-05 0 0.009999983
255 255 255 255
0.887207 0.210327
0 0 0 0
1 0 0 0
11.9341 247.8791 23.91708
0 -2E-08 0.01
255 255 255 255
0.998047 0.0005000234
0 0 0 0
1 0 0 0
-0.07166864 247.8791 23.91708
0 -2E-08 0.01
255 255 255 255
0.887207 0.0005000234
0 0 0 0
1 0 0 0
11.9341 230.884 23.91705
0 -2E-08 0.01
255 255 255 255
0.998047 0.210327
0 0 0 0
1 0 0 0
-0.07166864 230.884 23.91705
0 -2E-08 0.01
255 255 255 255
0.887207 0.210327
0 0 0 0
1 0 0 0
-23.95116 213.8888 23.89537
-3.270001E-06 0.009741124 0.002260641
255 255 255 255
0.100342 0.620605
0 0 0 0
1 0 0 0
-25.51454 213.5254 25.45874
-3.169999E-06 0.009740427 0.002263639
255 255 255 255
0.117065 0.640137
0 0 0 0
1 0 0 0
23.88202 213.8888 23.9645
-3.169999E-06 0.009740427 0.002263639
255 255 255 255
0.100342 0.01969898
0 0 0 0
1 0 0 0
25.4454 213.5254 25.52789
-3.08E-06 0.00973973 0.00226664
255 255 255 255
0.117065 0.0001999736
0 0 0 0
1 0 0 0
-25.51454 213.5254 25.45874
-1.357E-05 0 0.00999999
255 255 255 255
0.117065 0.640137
0 0 0 0
1 0 0 0
-25.51454 212.4927 25.45874
-1.357E-05 0 0.00999999
255 255 255 255
0.127563 0.640137
0 0 0 0
1 0 0 0
25.4454 213.5254 25.52789
-1.357E-05 0 0.00999999
255 255 255 255
0.117065 0.0001999736
0 0 0 0
1 0 0 0
25.4454 212.4927 25.52789
-1.357E-05 0 0.00999999
255 255 255 255
0.127563 0.0001999736
0 0 0 0
1 0 0 0
20.66622 70.51723 23.51155
-4.199999E-07 0.009807176 0.001954299
255 255 255 255
0.403564 0.916504
0 0 0 0
1 0 0 0
-20.7468 70.51723 23.50266
-4.099997E-07 0.009807204 0.001954159
255 255 255 255
0.403564 0.114075
0 0 0 0
1 0 0 0
21.64728 70.04529 25.88008
-4.099997E-07 0.009807204 0.001954159
255 255 255 255
0.375244 0.935547
0 0 0 0
1 0 0 0
-21.72787 70.04529 25.87116
-4.000002E-07 0.009807235 0.001954011
255 255 255 255
0.375244 0.09509301
0 0 0 0
1 0 0 0
20.26863 125.5949 20.35111
-1.702999E-05 0 0.009999985
255 255 255 255
0.354492 1.004883
0 0 0 0
1 0 0 0
-20.33776 125.5949 20.28197
-1.702999E-05 0 0.009999985
255 255 255 255
0.354492 0.005298972
0 0 0 0
1 0 0 0
20.26863 124.612 20.35111
-1.702999E-05 0 0.009999985
255 255 255 255
0.331055 1.004883
0 0 0 0
1 0 0 0
-20.33776 124.612 20.28197
-1.702999E-05 0 0.009999985
255 255 255 255
0.331055 0.005298972
0 0 0 0
1 0 0 0
20.26863 202.3888 20.3511
-1.702999E-05 0 0.009999985
255 255 255 255
0.331055 -0.003998041
0 0 0 0
1 0 0 0
-20.33776 202.3888 20.28197
-1.702999E-05 0 0.009999985
255 255 255 255
0.331055 0.995605
0 0 0 0
1 0 0 0
20.26863 201.4058 20.3511
-1.702999E-05 0 0.009999985
255 255 255 255
0.354492 -0.003998041
0 0 0 0
1 0 0 0
-20.33776 201.4058 20.28197
-1.702999E-05 0 0.009999985
255 255 255 255
0.354492 0.995605
0 0 0 0
1 0 0 0
-20.33776 162.1415 20.28197
-1.702999E-05 0 0.009999985
255 255 255 255
0.331055 1.00293
0 0 0 0
1 0 0 0
-20.33776 161.1586 20.28197
-1.702999E-05 0 0.009999985
255 255 255 255
0.354492 1.00293
0 0 0 0
1 0 0 0
20.26863 162.1415 20.3511
-1.702999E-05 0 0.009999985
255 255 255 255
0.331055 0.003697991
0 0 0 0
1 0 0 0
20.26863 161.1586 20.3511
-1.702999E-05 0 0.009999985
255 255 255 255
0.354492 0.003697991
0 0 0 0
1 0 0 0
-23.95116 212.1294 23.89537
-3.269999E-06 -0.009741178 0.002260409
255 255 255 255
0.144287 0.620605
0 0 0 0
1 0 0 0
23.88202 212.1294 23.9645
-3.17E-06 -0.00974048 0.00226341
255 255 255 255
0.144287 0.01969898
0 0 0 0
1 0 0 0
-25.51454 212.4927 25.45874
-3.17E-06 -0.00974048 0.00226341
255 255 255 255
0.127563 0.640137
0 0 0 0
1 0 0 0
25.4454 212.4927 25.52789
-3.080001E-06 -0.009739783 0.002266411
255 255 255 255
0.127563 0.0001999736
0 0 0 0
1 0 0 0
-26.58866 248.8185 26.53287
-4.360002E-06 -0.009421764 0.003351172
255 255 255 255
0.347168 0.671387
0 0 0 0
1 0 0 0
-23.95116 247.8791 23.89538
-5.270008E-06 -0.009416384 0.003366255
255 255 255 255
0.365234 0.654297
0 0 0 0
1 0 0 0
26.51953 248.8185 26.602
-4.780031E-06 -0.009425442 0.003340812
255 255 255 255
0.347168 0.327881
0 0 0 0
1 0 0 0
-12.07744 247.8791 23.91708
-3.090026E-06 -0.009425079 0.003341838
255 255 255 255
0.365234 0.57666
0 0 0 0
1 0 0 0
-0.07166864 247.8791 23.91708
0 -0.009439008 0.00330229
255 255 255 255
0.365234 0.499512
0 0 0 0
1 0 0 0
11.9341 247.8791 23.91708
-6.68004E-06 -0.009427636 0.00333461
255 255 255 255
0.365234 0.422119
0 0 0 0
1 0 0 0
23.88203 247.8791 23.96451
-1.337E-05 -0.009416146 0.003366899
255 255 255 255
0.365234 0.344727
0 0 0 0
1 0 0 0
-26.58866 248.8185 26.53287
-1.302E-05 4.931E-05 0.009999869
255 255 255 255
0.347168 0.671387
0 0 0 0
1 0 0 0
26.51953 248.8185 26.602
-1.308999E-05 4.788998E-05 0.009999877
255 255 255 255
0.347168 0.327881
0 0 0 0
1 0 0 0
-26.60192 251.6743 26.51877
-1.308999E-05 4.788998E-05 0.009999877
255 255 255 255
0.32959 0.671387
0 0 0 0
1 0 0 0
26.53363 251.6743 26.58875
-1.317E-05 4.648001E-05 0.009999883
255 255 255 255
0.32959 0.327881
0 0 0 0
1 0 0 0
18.81086 202.8607 18.89335
-1.609999E-05 -0.004793037 0.008776476
255 255 255 255
0.419189 0.118286
0 0 0 0
1 0 0 0
23.88202 212.1294 23.9645
-1.439001E-05 -0.004799102 0.008773164
255 255 255 255
0.345459 0.07147199
0 0 0 0
1 0 0 0
-18.88 202.8607 18.8242
-1.439001E-05 -0.004799102 0.008773164
255 255 255 255
0.419189 0.458252
0 0 0 0
1 0 0 0
-23.95116 212.1294 23.89537
-1.267999E-05 -0.004805168 0.008769846
255 255 255 255
0.345459 0.504883
0 0 0 0
1 0 0 0
23.88202 230.884 23.9645
-3.971E-05 0 0.009999922
255 255 255 255
0.345215 0.06866503
0 0 0 0
1 0 0 0
11.9341 230.884 23.91705
-1.986006E-05 1.396004E-05 0.009999971
255 255 255 255
0.345215 0.175903
0 0 0 0
1 0 0 0
23.88202 213.8888 23.9645
-1.449004E-05 9.020023E-06 0.009999986
255 255 255 255
0.431396 0.06866503
0 0 0 0
1 0 0 0
-0.07166864 230.884 23.91705
0 2.792E-05 0.009999961
255 255 255 255
0.345215 0.283203
0 0 0 0
1 0 0 0
-12.07744 230.884 23.91705
-9.130021E-06 8.600019E-06 0.009999992
255 255 255 255
0.345215 0.390625
0 0 0 0
1 0 0 0
-23.95116 230.884 23.89537
-1.636001E-05 -5.360003E-06 0.009999985
255 255 255 255
0.345215 0.498047
0 0 0 0
1 0 0 0
-23.95116 213.8888 23.89537
-1.445E-05 0 0.00999999
255 255 255 255
0.431396 0.498047
0 0 0 0
1 0 0 0
20.26863 125.5949 20.35111
-5.249999E-06 0.009512297 0.003084829
255 255 255 255
0.354492 1.004883
0 0 0 0
1 0 0 0
18.81086 126.0669 18.89335
3.350885E-06 0.009438972 0.003302392
255 255 255 255
0.39209 0.969238
0 0 0 0
1 0 0 0
-20.33776 125.5949 20.28197
-5.001248E-06 0.009466731 0.003221954
255 255 255 255
0.354492 0.005298972
0 0 0 0
1 0 0 0
-0.07166864 126.0669 18.95748
-4.871439E-06 0.009443199 0.003290282
255 255 255 255
0.39209 0.504883
0 0 0 0
1 0 0 0
-18.88 126.0669 18.8242
-2.169E-05 0.009520158 0.00306041
255 255 255 255
0.39209 0.04119903
0 0 0 0
1 0 0 0
-18.88 202.8607 18.8242
-5.639997E-06 0.009515515 0.003074889
255 255 255 255
0.293457 0.959961
0 0 0 0
1 0 0 0
-20.33776 202.3888 20.28197
-5.449999E-06 0.009513917 0.00307983
255 255 255 255
0.331055 0.995605
0 0 0 0
1 0 0 0
18.81086 202.8607 18.89335
-5.449999E-06 0.009513917 0.00307983
255 255 255 255
0.293457 0.031982
0 0 0 0
1 0 0 0
20.26863 202.3888 20.3511
-5.249998E-06 0.009512316 0.003084769
255 255 255 255
0.331055 -0.003998041
0 0 0 0
1 0 0 0
20.26863 162.1415 20.3511
-5.249999E-06 0.009512277 0.003084889
255 255 255 255
0.331055 0.003697991
0 0 0 0
1 0 0 0
18.81086 162.6135 18.89335
3.350884E-06 0.009438951 0.003302452
255 255 255 255
0.293457 0.03967297
0 0 0 0
1 0 0 0
-20.33776 162.1415 20.28197
-5.001248E-06 0.009466711 0.003222013
255 255 255 255
0.331055 1.00293
0 0 0 0
1 0 0 0
-0.07166864 162.6135 18.95748
-4.871439E-06 0.009443179 0.003290342
255 255 255 255
0.293457 0.503418
0 0 0 0
1 0 0 0
-18.88 162.6135 18.8242
-2.169E-05 0.009520139 0.00306047
255 255 255 255
0.293457 0.967773
0 0 0 0
1 0 0 0
16.56465 82.11904 18.87541
-6.399998E-07 0.009706387 0.002405419
255 255 255 255
0.39917 0.902832
0 0 0 0
1 0 0 0
-16.64524 82.11904 18.86652
-6.299998E-07 0.009706446 0.002405179
255 255 255 255
0.39917 0.100586
0 0 0 0
1 0 0 0
17.35359 81.64708 20.78008
-6.299998E-07 0.009706446 0.002405179
255 255 255 255
0.37085 0.921875
0 0 0 0
1 0 0 0
-17.43416 81.64708 20.77117
-6.199998E-07 0.009706506 0.002404939
255 255 255 255
0.37085 0.08154303
0 0 0 0
1 0 0 0
17.35359 81.64708 20.78008
-2.56E-06 0 0.01
255 255 255 255
0.37085 0.921875
0 0 0 0
1 0 0 0
-17.43416 81.64708 20.77117
-2.56E-06 0 0.01
255 255 255 255
0.37085 0.08154303
0 0 0 0
1 0 0 0
17.35359 80.66415 20.78008
-2.56E-06 0 0.01
255 255 255 255
0.312012 0.921875
0 0 0 0
1 0 0 0
-17.43416 80.66415 20.77117
-2.56E-06 0 0.01
255 255 255 255
0.312012 0.08154303
0 0 0 0
1 0 0 0
-21.72787 70.04529 25.87116
-2.06E-06 0 0.01
255 255 255 255
0.375244 0.09509301
0 0 0 0
1 0 0 0
-21.72787 69.06236 25.87116
-2.06E-06 0 0.01
255 255 255 255
0.316406 0.09509301
0 0 0 0
1 0 0 0
21.64728 70.04529 25.88008
-2.06E-06 0 0.01
255 255 255 255
0.375244 0.935547
0 0 0 0
1 0 0 0
21.64728 69.06236 25.88008
-2.06E-06 0 0.01
255 255 255 255
0.316406 0.935547
0 0 0 0
1 0 0 0
-20.33776 124.612 20.28197
-5.239997E-06 -0.009515415 0.003075199
255 255 255 255
0.331055 0.005298972
0 0 0 0
1 0 0 0
-18.88 124.1401 18.8242
-5.449998E-06 -0.009513816 0.003080139
255 255 255 255
0.293457 0.04119903
0 0 0 0
1 0 0 0
20.26863 124.612 20.35111
-5.449998E-06 -0.009513816 0.003080139
255 255 255 255
0.331055 1.004883
0 0 0 0
1 0 0 0
18.81086 124.1401 18.89335
-5.660003E-06 -0.009512215 0.003085082
255 255 255 255
0.293457 0.969238
0 0 0 0
1 0 0 0
18.81086 200.9339 18.89335
1.043E-05 -0.009516901 0.003070581
255 255 255 255
0.39209 0.031982
0 0 0 0
1 0 0 0
20.26863 201.4058 20.3511
-6.611758E-06 -0.009464926 0.003227248
255 255 255 255
0.354492 -0.003998041
0 0 0 0
1 0 0 0
-0.07166864 200.9339 18.95748
-7.302206E-06 -0.009438772 0.003302958
255 255 255 255
0.39209 0.49585
0 0 0 0
1 0 0 0
-18.88 200.9339 18.8242
-1.514446E-05 -0.009437951 0.003305274
255 255 255 255
0.39209 0.959961
0 0 0 0
1 0 0 0
-20.33776 201.4058 20.28197
-5.239999E-06 -0.009515398 0.00307525
255 255 255 255
0.354492 0.995605
0 0 0 0
1 0 0 0
-18.81086 200.9339 -18.86666
-1.043E-05 -0.009516901 -0.003070581
255 255 255 255
0.39209 0.031982
0 0 0 0
1 0 0 0
-20.26863 201.4058 -20.32442
6.611758E-06 -0.009464926 -0.003227248
255 255 255 255
0.354492 -0.003998041
0 0 0 0
1 0 0 0
0.07166864 200.9339 -18.93079
7.302206E-06 -0.009438772 -0.003302958
255 255 255 255
0.39209 0.49585
0 0 0 0
1 0 0 0
18.88001 200.9339 -18.79751
1.514446E-05 -0.009437951 -0.003305274
255 255 255 255
0.39209 0.959961
0 0 0 0
1 0 0 0
20.33776 201.4058 -20.25528
5.239999E-06 -0.009515398 -0.00307525
255 255 255 255
0.354492 0.995605
0 0 0 0
1 0 0 0
20.26863 161.1586 20.3511
-5.249998E-06 -0.009512316 0.003084769
255 255 255 255
0.354492 0.003697991
0 0 0 0
1 0 0 0
-20.33776 161.1586 20.28197
-5.001248E-06 -0.009466751 0.003221893
255 255 255 255
0.354492 1.00293
0 0 0 0
1 0 0 0
18.81086 160.6867 18.89335
3.350885E-06 -0.009438992 0.003302332
255 255 255 255
0.39209 0.03967297
0 0 0 0
1 0 0 0
-0.07166864 160.6867 18.95748
-4.87144E-06 -0.009443221 0.003290222
255 255 255 255
0.39209 0.503418
0 0 0 0
1 0 0 0
-18.88 160.6867 18.8242
-2.169E-05 -0.009520178 0.003060349
255 255 255 255
0.39209 0.967773
0 0 0 0
1 0 0 0
20.33776 124.612 -20.25528
5.239998E-06 -0.009515418 -0.003075189
255 255 255 255
0.331055 0.005298972
0 0 0 0
1 0 0 0
18.88001 124.1401 -18.79751
5.449998E-06 -0.009513816 -0.003080139
255 255 255 255
0.293457 0.04119903
0 0 0 0
1 0 0 0
-20.26863 124.612 -20.32442
5.449998E-06 -0.009513816 -0.003080139
255 255 255 255
0.331055 1.004883
0 0 0 0
1 0 0 0
-18.81086 124.1401 -18.86666
5.660003E-06 -0.009512215 -0.003085082
255 255 255 255
0.293457 0.969238
0 0 0 0
1 0 0 0
-18.81086 202.8607 -18.86666
1.609999E-05 -0.004793037 -0.008776476
255 255 255 255
0.419189 0.118286
0 0 0 0
1 0 0 0
-23.88202 212.1294 -23.93781
1.439001E-05 -0.004799102 -0.008773164
255 255 255 255
0.345459 0.07147199
0 0 0 0
1 0 0 0
18.88001 202.8607 -18.79751
1.439001E-05 -0.004799102 -0.008773164
255 255 255 255
0.419189 0.458252
0 0 0 0
1 0 0 0
23.95116 212.1294 -23.86868
1.267999E-05 -0.004805168 -0.008769846
255 255 255 255
0.345459 0.504883
0 0 0 0
1 0 0 0
26.58866 248.8185 -26.50618
1.302E-05 4.931E-05 -0.009999869
255 255 255 255
0.347168 0.671387
0 0 0 0
1 0 0 0
-26.51953 248.8185 -26.57531
1.308999E-05 4.789998E-05 -0.009999877
255 255 255 255
0.347168 0.327881
0 0 0 0
1 0 0 0
26.60192 251.6743 -26.49208
1.308999E-05 4.789998E-05 -0.009999877
255 255 255 255
0.32959 0.671387
0 0 0 0
1 0 0 0
-26.53363 251.6743 -26.56206
1.317E-05 4.648001E-05 -0.009999883
255 255 255 255
0.32959 0.327881
0 0 0 0
1 0 0 0
26.58866 248.8185 -26.50618
4.359999E-06 -0.009421768 -0.003351159
255 255 255 255
0.347168 0.671387
0 0 0 0
1 0 0 0
23.95116 247.8791 -23.86868
5.270008E-06 -0.009416384 -0.003366255
255 255 255 255
0.365234 0.654297
0 0 0 0
1 0 0 0
-26.51953 248.8185 -26.57531
4.780031E-06 -0.009425442 -0.003340812
255 255 255 255
0.347168 0.327881
0 0 0 0
1 0 0 0
12.07744 247.8791 -23.89038
3.090026E-06 -0.009425079 -0.003341838
255 255 255 255
0.365234 0.57666
0 0 0 0
1 0 0 0
0.07166864 247.8791 -23.89038
0 -0.009439008 -0.00330229
255 255 255 255
0.365234 0.499512
0 0 0 0
1 0 0 0
-11.9341 247.8791 -23.89038
6.68004E-06 -0.009427636 -0.00333461
255 255 255 255
0.365234 0.422119
0 0 0 0
1 0 0 0
-23.88203 247.8791 -23.93782
1.337E-05 -0.009416146 -0.003366899
255 255 255 255
0.365234 0.344727
0 0 0 0
1 0 0 0
23.95116 212.1294 -23.86868
3.269999E-06 -0.009741178 -0.002260409
255 255 255 255
0.144287 0.620605
0 0 0 0
1 0 0 0
-23.88202 212.1294 -23.93781
3.17E-06 -0.00974048 -0.00226341
255 255 255 255
0.144287 0.01969898
0 0 0 0
1 0 0 0
25.51454 212.4927 -25.43205
3.17E-06 -0.00974048 -0.00226341
255 255 255 255
0.127563 0.640137
0 0 0 0
1 0 0 0
-25.4454 212.4927 -25.5012
3.080001E-06 -0.009739783 -0.002266411
255 255 255 255
0.127563 0.0001999736
0 0 0 0
1 0 0 0
20.33776 162.1415 -20.25528
1.702999E-05 0 -0.009999985
255 255 255 255
0.331055 1.00293
0 0 0 0
1 0 0 0
20.33776 161.1586 -20.25528
1.702999E-05 0 -0.009999985
255 255 255 255
0.354492 1.00293
0 0 0 0
1 0 0 0
-20.26863 162.1415 -20.32442
1.702999E-05 0 -0.009999985
255 255 255 255
0.331055 0.003697991
0 0 0 0
1 0 0 0
-20.26863 161.1586 -20.32442
1.702999E-05 0 -0.009999985
255 255 255 255
0.354492 0.003697991
0 0 0 0
1 0 0 0
-20.26863 202.3888 -20.32442
1.702999E-05 0 -0.009999985
255 255 255 255
0.331055 -0.003998041
0 0 0 0
1 0 0 0
20.33776 202.3888 -20.25528
1.702999E-05 0 -0.009999985
255 255 255 255
0.331055 0.995605
0 0 0 0
1 0 0 0
-20.26863 201.4058 -20.32442
1.702999E-05 0 -0.009999985
255 255 255 255
0.354492 -0.003998041
0 0 0 0
1 0 0 0
20.33776 201.4058 -20.25528
1.702999E-05 0 -0.009999985
255 255 255 255
0.354492 0.995605
0 0 0 0
1 0 0 0
-20.26863 125.5949 -20.32442
1.702999E-05 0 -0.009999985
255 255 255 255
0.354492 1.004883
0 0 0 0
1 0 0 0
20.33776 125.5949 -20.25528
1.702999E-05 0 -0.009999985
255 255 255 255
0.354492 0.005298972
0 0 0 0
1 0 0 0
-20.26863 124.612 -20.32442
1.702999E-05 0 -0.009999985
255 255 255 255
0.331055 1.004883
0 0 0 0
1 0 0 0
20.33776 124.612 -20.25528
1.702999E-05 0 -0.009999985
255 255 255 255
0.331055 0.005298972
0 0 0 0
1 0 0 0
-20.66622 70.51723 -23.48486
4.199999E-07 0.009807176 -0.001954299
255 255 255 255
0.403564 0.916504
0 0 0 0
1 0 0 0
20.7468 70.51723 -23.47597
4.099997E-07 0.009807204 -0.001954159
255 255 255 255
0.403564 0.114075
0 0 0 0
1 0 0 0
-21.64728 70.04529 -25.85339
4.099997E-07 0.009807204 -0.001954159
255 255 255 255
0.375244 0.935547
0 0 0 0
1 0 0 0
21.72787 70.04529 -25.84447
3.999998E-07 0.009807235 -0.001954009
255 255 255 255
0.375244 0.09509301
0 0 0 0
1 0 0 0
25.51454 213.5254 -25.43205
1.357E-05 0 -0.00999999
255 255 255 255
0.117065 0.640137
0 0 0 0
1 0 0 0
25.51454 212.4927 -25.43205
1.357E-05 0 -0.00999999
255 255 255 255
0.127563 0.640137
0 0 0 0
1 0 0 0
-25.4454 213.5254 -25.5012
1.357E-05 0 -0.00999999
255 255 255 255
0.117065 0.0001999736
0 0 0 0
1 0 0 0
-25.4454 212.4927 -25.5012
1.357E-05 0 -0.00999999
255 255 255 255
0.127563 0.0001999736
0 0 0 0
1 0 0 0
23.95116 213.8888 -23.86868
3.270001E-06 0.009741124 -0.002260641
255 255 255 255
0.100342 0.620605
0 0 0 0
1 0 0 0
25.51454 213.5254 -25.43205
3.169999E-06 0.009740427 -0.002263639
255 255 255 255
0.117065 0.640137
0 0 0 0
1 0 0 0
-23.88202 213.8888 -23.93781
3.169999E-06 0.009740427 -0.002263639
255 255 255 255
0.100342 0.01969898
0 0 0 0
1 0 0 0
-25.4454 213.5254 -25.5012
3.08E-06 0.00973973 -0.00226664
255 255 255 255
0.117065 0.0001999736
0 0 0 0
1 0 0 0
-11.9341 247.8791 -23.89038
0 -1E-08 -0.01
255 255 255 255
0.998047 0.0005000234
0 0 0 0
1 0 0 0
0.07166864 247.8791 -23.89038
0 -1E-08 -0.01
255 255 255 255
0.887207 0.0005000234
0 0 0 0
1 0 0 0
-11.9341 230.884 -23.89036
0 -1E-08 -0.01
255 255 255 255
0.998047 0.210327
0 0 0 0
1 0 0 0
0.07166864 230.884 -23.89036
0 -1E-08 -0.01
255 255 255 255
0.887207 0.210327
0 0 0 0
1 0 0 0
12.07744 247.8791 -23.89038
1.828001E-05 -1E-08 -0.009999983
255 255 255 255
0.998047 0.0005000234
0 0 0 0
1 0 0 0
23.95116 247.8791 -23.86868
1.827001E-05 -1E-08 -0.009999983
255 255 255 255
0.887207 0.0005000234
0 0 0 0
1 0 0 0
12.07744 230.884 -23.89036
1.827001E-05 -1E-08 -0.009999983
255 255 255 255
0.998047 0.210327
0 0 0 0
1 0 0 0
23.95116 230.884 -23.86868
1.826001E-05 0 -0.009999983
255 255 255 255
0.887207 0.210327
0 0 0 0
1 0 0 0
0.07166864 247.8791 -23.89038
0 -1E-08 -0.01
255 255 255 255
0.998047 0.0005000234
0 0 0 0
1 0 0 0
12.07744 247.8791 -23.89038
0 -1E-08 -0.01
255 255 255 255
0.887207 0.0005000234
0 0 0 0
1 0 0 0
0.07166864 230.884 -23.89036
0 -1E-08 -0.01
255 255 255 255
0.998047 0.210327
0 0 0 0
1 0 0 0
12.07744 230.884 -23.89036
0 -1E-08 -0.01
255 255 255 255
0.887207 0.210327
0 0 0 0
1 0 0 0
-11.9341 230.884 -23.89036
3.971E-05 -1E-08 -0.009999922
255 255 255 255
0.998047 0.210327
0 0 0 0
1 0 0 0
-23.88202 230.884 -23.93781
3.971E-05 -1E-08 -0.009999922
255 255 255 255
0.887207 0.210327
0 0 0 0
1 0 0 0
-11.9341 247.8791 -23.89038
3.971E-05 -1E-08 -0.009999922
255 255 255 255
0.998047 0.0005000234
0 0 0 0
1 0 0 0
-23.88203 247.8791 -23.93782
3.97E-05 0 -0.009999922
255 255 255 255
0.887207 0.0005000234
0 0 0 0
1 0 0 0
0.07166864 126.0669 -18.93079
-3.396E-05 0 -0.009999942
255 255 255 255
0.593262 0.976074
0 0 0 0
1 0 0 0
-18.81086 126.0669 -18.86666
-3.396E-05 0 -0.009999942
255 255 255 255
0.388672 0.976074
0 0 0 0
1 0 0 0
0.07166864 160.6867 -18.93079
-3.396E-05 0 -0.009999942
255 255 255 255
0.593262 0.64502
0 0 0 0
1 0 0 0
-18.81086 160.6867 -18.86666
-3.396E-05 0 -0.009999942
255 255 255 255
0.388672 0.64502
0 0 0 0
1 0 0 0
0.07166864 162.6135 -18.93079
-3.396E-05 0 -0.009999942
255 255 255 255
0.593262 0.626953
0 0 0 0
1 0 0 0
-18.81086 162.6135 -18.86666
-3.396E-05 0 -0.009999942
255 255 255 255
0.388672 0.626953
0 0 0 0
1 0 0 0
0.07166864 200.9339 -18.93079
-3.396E-05 0 -0.009999942
255 255 255 255
0.593262 0.260986
0 0 0 0
1 0 0 0
-18.81086 200.9339 -18.86666
-3.396E-05 0 -0.009999942
255 255 255 255
0.388672 0.260986
0 0 0 0
1 0 0 0
0.07166864 0.6611696 -23.56691
-3.957001E-05 0 -0.009999922
255 255 255 255
1.513672 0.998535
0 0 0 0
1 0 0 0
-20.66622 0.6611696 -23.48486
-3.957001E-05 0 -0.009999922
255 255 255 255
1.251953 0.998535
0 0 0 0
1 0 0 0
0.07166864 68.59039 -23.56691
-3.957001E-05 0 -0.009999922
255 255 255 255
1.513672 0.458252
0 0 0 0
1 0 0 0
-20.66622 68.59039 -23.48486
-3.957001E-05 0 -0.009999922
255 255 255 255
1.251953 0.458252
0 0 0 0
1 0 0 0
20.93662 73.96935 -18.38665
0.005097659 0.00703423 -0.004953129
255 255 255 255
0.387207 0.700195
0 0 0 0
1 0 0 0
23.4982 70.51723 -20.65287
0.005095962 0.007031314 -0.004959012
255 255 255 255
0.419678 0.702637
0 0 0 0
1 0 0 0
18.48057 73.96935 -20.91437
0.005095962 0.007031314 -0.004959012
255 255 255 255
0.387451 0.66748
0 0 0 0
1 0 0 0
20.7468 70.51723 -23.47597
0.005094269 0.007028399 -0.004964879
255 255 255 255
0.419922 0.666016
0 0 0 0
1 0 0 0
18.86207 82.11904 -16.5513
0.007182682 0 -0.006957663
255 255 255 255
0.421143 0.205933
0 0 0 0
1 0 0 0
16.64524 82.11904 -18.83983
0.007182663 0 -0.006957683
255 255 255 255
0.431396 0.205933
0 0 0 0
1 0 0 0
18.86207 117.7022 -16.5513
0.007182663 0 -0.006957683
255 255 255 255
0.421143 0.03619403
0 0 0 0
1 0 0 0
16.64523 117.7022 -18.8398
0.007182638 9.999997E-09 -0.006957708
255 255 255 255
0.431396 0.03619403
0 0 0 0
1 0 0 0
21.72787 69.06236 -25.84447
0.007131502 0 -0.007010112
255 255 255 255
0.316406 1.014648
0 0 0 0
1 0 0 0
21.72787 70.04529 -25.84447
0.007131502 0 -0.007010112
255 255 255 255
0.375244 1.014648
0 0 0 0
1 0 0 0
25.86674 69.06236 -21.63394
0.007131502 0 -0.007010112
255 255 255 255
0.316406 0.935547
0 0 0 0
1 0 0 0
25.86674 70.04529 -21.63394
0.007131502 0 -0.007010112
255 255 255 255
0.375244 0.935547
0 0 0 0
1 0 0 0
17.43416 80.66415 -20.74448
0.007145878 0 -0.006995458
255 255 255 255
0.312012 1.000977
0 0 0 0
1 0 0 0
17.43416 81.64708 -20.74448
0.007145878 0 -0.006995458
255 255 255 255
0.37085 1.000977
0 0 0 0
1 0 0 0
20.76673 80.66415 -17.34025
0.007145878 0 -0.006995458
255 255 255 255
0.312012 0.921875
0 0 0 0
1 0 0 0
20.76673 81.64708 -17.34025
0.007145878 0 -0.006995458
255 255 255 255
0.37085 0.921875
0 0 0 0
1 0 0 0
23.4982 68.59039 -20.65287
0.001392459 -0.009809145 -0.001357099
255 255 255 255
0.288086 0.916504
0 0 0 0
1 0 0 0
20.7468 68.59039 -23.47597
0.001395481 -0.009807495 -0.001365891
255 255 255 255
0.288086 0.969238
0 0 0 0
1 0 0 0
25.86674 69.06236 -21.63394
0.001395481 -0.009807495 -0.001365891
255 255 255 255
0.316406 0.935547
0 0 0 0
1 0 0 0
21.72787 69.06236 -25.84447
0.00139849 -0.009805839 -0.00137468
255 255 255 255
0.316406 1.014648
0 0 0 0
1 0 0 0
20.7468 70.51723 -23.47597
0.00140678 0.009805162 -0.00137105
255 255 255 255
0.403564 0.969238
0 0 0 0
1 0 0 0
23.4982 70.51723 -20.65287
0.001397841 0.009806845 -0.001368151
255 255 255 255
0.403564 0.916504
0 0 0 0
1 0 0 0
21.72787 70.04529 -25.84447
0.001397841 0.009806845 -0.001368151
255 255 255 255
0.375244 1.014648
0 0 0 0
1 0 0 0
25.86674 70.04529 -21.63394
0.0013889 0.009808517 -0.00136526
255 255 255 255
0.375244 0.935547
0 0 0 0
1 0 0 0
18.86207 80.19219 -16.5513
0.00171709 -0.009710047 -0.0016633
255 255 255 255
0.283691 0.902832
0 0 0 0
1 0 0 0
16.64524 80.19219 -18.83983
0.001721531 -0.009706996 -0.001676471
255 255 255 255
0.283691 0.955566
0 0 0 0
1 0 0 0
20.76673 80.66415 -17.34025
0.001721531 -0.009706996 -0.001676471
255 255 255 255
0.312012 0.921875
0 0 0 0
1 0 0 0
17.43416 80.66415 -20.74448
0.001725971 -0.009703924 -0.001689641
255 255 255 255
0.312012 1.000977
0 0 0 0
1 0 0 0
16.64524 82.11904 -18.83983
0.001738569 0.009702636 -0.001684109
255 255 255 255
0.39917 0.955566
0 0 0 0
1 0 0 0
18.86207 82.11904 -16.5513
0.001725131 0.009705767 -0.001679881
255 255 255 255
0.39917 0.902832
0 0 0 0
1 0 0 0
17.43416 81.64708 -20.74448
0.001725131 0.009705767 -0.001679881
255 255 255 255
0.37085 1.000977
0 0 0 0
1 0 0 0
20.76673 81.64708 -17.34025
0.00171168 0.00970888 -0.00167565
255 255 255 255
0.37085 0.921875
0 0 0 0
1 0 0 0
20.93662 73.96935 -18.38665
0.006553411 0.0040628 -0.006367611
255 255 255 255
0.387207 0.700195
0 0 0 0
1 0 0 0
18.48057 73.96935 -20.91437
0.00655931 0.00405961 -0.00636357
255 255 255 255
0.387451 0.66748
0 0 0 0
1 0 0 0
18.86207 80.19219 -16.5513
0.00655931 0.00405961 -0.00636357
255 255 255 255
0.338135 0.698242
0 0 0 0
1 0 0 0
16.64524 80.19219 -18.83983
0.006565202 0.004056411 -0.006359532
255 255 255 255
0.338379 0.668457
0 0 0 0
1 0 0 0
-20.7468 0.6611696 23.50266
-4.398001E-05 0 0.009999903
255 255 255 255
1.25293 0.998535
0 0 0 0
1 0 0 0
-0.07166864 0.6611696 23.5936
-4.398001E-05 0 0.009999903
255 255 255 255
1.513672 0.998535
0 0 0 0
1 0 0 0
-20.7468 68.59039 23.50266
-4.398001E-05 0 0.009999903
255 255 255 255
1.25293 0.458252
0 0 0 0
1 0 0 0
-0.07166864 68.59039 23.5936
-4.398001E-05 0 0.009999903
255 255 255 255
1.513672 0.458252
0 0 0 0
1 0 0 0
-16.64524 80.19219 18.86652
-2.54E-06 0.00316331 0.009486488
255 255 255 255
0.337891 0.444336
0 0 0 0
1 0 0 0
-18.48057 73.96935 20.94106
-2.285396E-06 0.004141077 0.009102278
255 255 255 255
0.387451 0.460937
0 0 0 0
1 0 0 0
16.56465 80.19219 18.87541
-2.42E-06 0.00316267 0.009486701
255 255 255 255
0.337891 0.143921
0 0 0 0
1 0 0 0
18.39999 73.96935 20.94996
-2.002247E-06 0.00508318 0.008611694
255 255 255 255
0.387451 0.127319
0 0 0 0
1 0 0 0
-20.7468 70.51723 23.50266
-1.830001E-06 0.005959032 0.008030563
255 255 255 255
0.414795 0.481445
0 0 0 0
1 0 0 0
20.66622 70.51723 23.51155
-1.72E-06 0.00595824 0.00803115
255 255 255 255
0.414795 0.106873
0 0 0 0
1 0 0 0
-18.88 126.0669 18.8242
-7.085999E-05 0 0.009999749
255 255 255 255
0.38916 0.976074
0 0 0 0
1 0 0 0
-0.07166864 126.0669 18.95748
-7.085999E-05 0 0.009999749
255 255 255 255
0.593262 0.976074
0 0 0 0
1 0 0 0
-18.88 160.6867 18.8242
-7.085999E-05 0 0.009999749
255 255 255 255
0.38916 0.64502
0 0 0 0
1 0 0 0
-0.07166864 160.6867 18.95748
-7.085999E-05 0 0.009999749
255 255 255 255
0.593262 0.64502
0 0 0 0
1 0 0 0
-18.88 162.6135 18.8242
-7.085999E-05 0 0.009999749
255 255 255 255
0.38916 0.626953
0 0 0 0
1 0 0 0
-0.07166864 162.6135 18.95748
-7.085999E-05 0 0.009999749
255 255 255 255
0.593262 0.626953
0 0 0 0
1 0 0 0
-18.88 200.9339 18.8242
-7.085999E-05 0 0.009999749
255 255 255 255
0.38916 0.260986
0 0 0 0
1 0 0 0
-0.07166864 200.9339 18.95748
-7.085999E-05 0 0.009999749
255 255 255 255
0.593262 0.260986
0 0 0 0
1 0 0 0
21.64728 69.06236 25.88008
-3.999998E-07 -0.009807165 0.001954359
255 255 255 255
0.316406 0.935547
0 0 0 0
1 0 0 0
-21.72787 69.06236 25.87116
-2.20006E-07 -0.009797257 0.002003435
255 255 255 255
0.316406 0.09509301
0 0 0 0
1 0 0 0
20.66622 68.59039 23.51155
3.960119E-06 -0.009791845 0.002029721
255 255 255 255
0.288086 0.916504
0 0 0 0
1 0 0 0
-0.07166864 68.59039 23.5936
-1.30004E-07 -0.009792211 0.002027952
255 255 255 255
0.288086 0.515137
0 0 0 0
1 0 0 0
-20.7468 68.59039 23.50266
-8.579997E-06 -0.009807867 0.001950809
255 255 255 255
0.288086 0.114075
0 0 0 0
1 0 0 0
-17.43416 80.66415 20.77117
-6.199998E-07 -0.009706506 0.002404939
255 255 255 255
0.312012 0.08154303
0 0 0 0
1 0 0 0
-16.64524 80.19219 18.86652
-6.299998E-07 -0.009706446 0.002405179
255 255 255 255
0.283691 0.100586
0 0 0 0
1 0 0 0
17.35359 80.66415 20.78008
-6.299998E-07 -0.009706446 0.002405179
255 255 255 255
0.312012 0.921875
0 0 0 0
1 0 0 0
16.56465 80.19219 18.87541
-6.399998E-07 -0.009706387 0.002405419
255 255 255 255
0.283691 0.902832
0 0 0 0
1 0 0 0
426 # faces
0 2 1
3 5 4
6 4 5
7 9 8
10 8 9
11 13 12
14 12 13
15 17 16
18 16 17
19 21 20
22 20 21
23 25 24
26 24 25
27 29 28
30 28 29
31 33 32
34 32 33
35 37 36
38 36 37
39 41 40
42 40 41
43 45 44
46 44 45
47 49 48
50 48 49
51 53 52
54 52 53
55 57 56
56 57 58
58 57 59
59 57 60
61 63 62
64 66 65
65 66 67
67 66 68
69 71 70
72 70 71
73 75 74
74 75 76
76 75 77
78 80 79
81 79 80
82 84 83
85 83 84
86 88 87
89 87 88
90 92 91
93 91 92
94 96 95
97 95 96
98 100 99
101 99 100
102 104 103
105 103 104
106 108 107
109 107 108
110 112 111
113 111 112
114 116 115
117 115 116
118 120 119
121 119 120
122 124 123
125 127 126
128 130 129
131 129 130
132 134 133
135 133 134
136 138 137
139 137 138
140 142 141
141 142 143
144 141 143
145 147 146
148 150 149
149 150 151
152 149 151
153 155 154
156 158 157
159 157 158
160 162 161
161 162 163
164 161 163
165 167 166
168 166 169
166 167 169
170 168 169
167 171 169
172 169 171
173 175 174
176 178 177
179 177 178
180 182 181
183 181 182
184 186 185
187 185 186
188 190 189
191 189 190
192 194 193
195 193 194
196 198 197
199 197 198
200 202 201
203 201 202
204 206 205
207 205 206
208 210 209
211 209 210
212 214 213
215 213 214
216 218 217
219 217 218
220 222 221
223 221 222
224 226 225
227 225 226
228 230 229
231 229 230
232 234 233
235 233 234
236 238 237
239 237 238
240 242 241
243 241 242
244 246 245
247 245 246
248 250 249
251 253 252
254 256 255
257 255 256
258 260 259
261 259 260
262 264 263
265 263 264
266 268 267
269 267 268
270 272 271
273 271 272
274 276 275
277 275 276
278 280 279
281 279 280
282 284 283
285 283 284
286 288 287
287 288 289
289 288 290
290 288 291
291 288 292
293 295 294
296 294 295
297 299 298
300 298 299
301 303 302
304 302 303
305 304 303
306 304 305
307 305 303
308 307 303
309 311 310
310 311 312
312 311 313
313 311 314
314 311 315
316 318 317
317 318 319
319 318 320
321 323 322
324 322 323
325 327 326
326 327 328
328 327 329
330 332 331
333 331 332
334 336 335
337 335 336
338 340 339
341 339 340
342 344 343
345 343 344
346 348 347
347 348 349
350 347 349
351 353 352
354 352 355
352 353 355
356 354 355
353 357 355
358 355 357
359 361 360
360 361 362
363 360 362
364 363 362
365 362 366
361 366 362
367 369 368
370 368 369
368 370 371
372 371 370
373 375 374
376 374 375
374 376 377
378 377 376
379 381 380
382 380 381
383 385 384
386 384 385
387 389 388
390 388 389
391 393 392
392 393 394
394 393 395
396 398 397
399 397 398
400 402 401
401 402 403
403 402 404
405 407 406
408 406 407
406 408 409
408 410 409
411 409 410
412 414 413
413 414 415
416 413 415
417 419 418
420 418 419
421 423 422
424 422 423
425 427 426
426 427 428
428 427 429
429 427 430
430 427 431
432 434 433
435 433 434
436 438 437
439 437 438
440 442 441
443 441 442
444 446 445
447 445 446
448 450 449
451 449 450
452 454 453
455 453 454
456 458 457
459 457 458
460 462 461
463 461 462
461 463 464
465 464 463
466 468 467
469 467 468
470 472 471
473 475 474
476 478 477
479 477 478
480 482 481
483 481 482
484 486 485
487 485 486
488 490 489
491 489 490
492 494 493
495 493 494
496 498 497
499 497 498
500 502 501
503 501 502
504 506 505
505 506 507
508 505 507
509 511 510
512 510 511
513 515 514
514 515 516
517 514 516
518 520 519
521 519 520
522 524 523
523 524 525
526 523 525
527 529 528
530 528 529
531 533 532
534 532 533
535 537 536
538 536 537
539 541 540
542 540 541
543 545 544
546 544 545
547 549 548
550 548 549
551 553 552
554 552 553
555 557 556
558 556 557
559 561 560
562 560 561
563 565 564
566 564 565
567 569 568
570 568 569
571 573 572
574 572 573
575 577 576
578 576 577
579 581 580
582 580 581
583 585 584
586 584 585
587 589 588
590 588 589
591 593 592
592 593 594
594 593 595
595 593 596
596 593 597
598 600 599
601 599 600
602 604 603
605 603 604
606 608 607
607 608 609
609 608 610
610 608 611
611 608 612
613 615 614
614 615 616
616 615 617
618 620 619
621 619 620
622 624 623
623 624 625
625 624 626
627 629 628
630 628 629
631 633 632
634 632 633
635 637 636
638 636 637
639 641 640
642 640 641
643 645 644
644 645 646
647 644 646
648 650 649
649 650 651
652 649 651
653 655 654
654 655 656
657 654 656
658 660 659
661 659 660
662 664 663
665 663 664
666 668 667
669 667 668
670 672 671
671 672 673
673 672 674
674 672 675
675 672 676
677 679 678
680 678 679
681 683 682
684 682 683
685 687 686
688 686 687
689 691 690
692 690 691
693 695 694
696 694 695
697 699 698
700 698 699
701 703 702
704 702 703
705 707 706
708 706 707
709 711 710
712 710 711
713 715 714
716 714 715
717 719 718
720 718 719
721 723 722
724 722 723
725 727 726
728 726 727
729 731 730
732 730 731
733 735 734
736 734 735
737 739 738
740 738 739
741 743 742
744 742 743
745 747 746
748 746 747
749 751 750
752 750 751
753 755 754
756 754 755
757 759 758
760 758 759
761 763 762
764 762 763
765 767 766
768 766 767
769 771 770
772 770 771
773 775 774
776 774 775
774 776 777
778 777 776
779 781 780
782 780 781
783 785 784
786 784 785
787 789 788
788 789 790
791 788 790
792 794 793
795 793 794
