1 # bones
root
-1
0 0 0
1 # meshes
30_Gotham-Skyline-LODS-04_0_0_0_root_root
1 # uv layers
3 # textures
Gotham_Skyline_Atlas2048.jpg
0 # uv layer index
default_bump.png
0 # uv layer index
Gotham_Skyline_LODS_E1.png
0 # uv layer index
968 # vertices
732.0736 407.1625 -577.5444
-0.09996959 0.002466134 0
255 255 255 255
0.625977 0.825684
0 0 0 0
1 0 0 0
769.6838 353.4085 -539.9343
-0.09171595 -0.03985204 0
255 255 255 255
0.631348 0.821289
0 0 0 0
1 0 0 0
732.0736 407.1625 -87.68057
-0.09525421 -0.03044069 0
255 255 255 255
0.625977 0.766602
0 0 0 0
1 0 0 0
769.6838 353.4085 -125.2907
-0.09799466 -0.01992602 0
255 255 255 255
0.631348 0.771484
0 0 0 0
1 0 0 0
-38.92682 187.4882 -269.4291
0 0.1 0
255 255 255 255
0.791504 0.681641
0 0 0 0
1 0 0 0
-200.2699 187.4882 10.02541
0 0.1 0
255 255 255 255
0.825195 0.701172
0 0 0 0
1 0 0 0
-38.92682 187.4882 -83.12608
0 0.1 0
255 255 255 255
0.813965 0.681641
0 0 0 0
1 0 0 0
-361.6131 187.4882 -269.4291
0 0.1 0
255 255 255 255
0.791504 0.720215
0 0 0 0
1 0 0 0
-200.2699 187.4882 -362.5807
0 0.1 0
255 255 255 255
0.780273 0.701172
0 0 0 0
1 0 0 0
-361.6131 187.4882 -83.12608
0 0.1 0
255 255 255 255
0.813965 0.720215
0 0 0 0
1 0 0 0
1169.409 898.5095 -502.5729
0 0.1 0
255 255 255 255
0.855957 0.639648
0 0 0 0
1 0 0 0
1134.36 898.5095 -441.8656
0 0.1 0
255 255 255 255
0.863281 0.644043
0 0 0 0
1 0 0 0
1169.409 898.5095 -462.1014
0 0.1 0
255 255 255 255
0.86084 0.639648
0 0 0 0
1 0 0 0
1134.36 898.5095 -522.8088
0 0.1 0
255 255 255 255
0.853516 0.644043
0 0 0 0
1 0 0 0
1099.31 898.5095 -502.5729
0 0.1 0
255 255 255 255
0.855957 0.647949
0 0 0 0
1 0 0 0
1099.31 898.5095 -462.1014
0 0.1 0
255 255 255 255
0.86084 0.647949
0 0 0 0
1 0 0 0
867.3115 898.5095 -502.5729
0 0.1 0
255 255 255 255
0.909668 0.651367
0 0 0 0
1 0 0 0
832.2621 898.5095 -441.8656
0 0.1 0
255 255 255 255
0.916992 0.655273
0 0 0 0
1 0 0 0
867.3115 898.5095 -462.1014
0 0.1 0
255 255 255 255
0.914551 0.651367
0 0 0 0
1 0 0 0
797.2127 898.5095 -502.5729
0 0.1 0
255 255 255 255
0.909668 0.659668
0 0 0 0
1 0 0 0
832.2621 898.5095 -522.8088
0 0.1 0
255 255 255 255
0.907227 0.655273
0 0 0 0
1 0 0 0
797.2127 898.5095 -462.1014
0 0.1 0
255 255 255 255
0.914551 0.659668
0 0 0 0
1 0 0 0
867.3115 898.5095 -195.9382
0 0.1 0
255 255 255 255
0.918945 0.895996
0 0 0 0
1 0 0 0
832.2621 898.5095 -135.2309
0 0.1 0
255 255 255 255
0.92627 0.900391
0 0 0 0
1 0 0 0
867.3115 898.5095 -155.4666
0 0.1 0
255 255 255 255
0.923828 0.895996
0 0 0 0
1 0 0 0
797.2127 898.5095 -195.9382
0 0.1 0
255 255 255 255
0.918945 0.904297
0 0 0 0
1 0 0 0
832.2621 898.5095 -216.1739
0 0.1 0
255 255 255 255
0.916504 0.900391
0 0 0 0
1 0 0 0
797.2127 898.5095 -155.4666
0 0.1 0
255 255 255 255
0.923828 0.904297
0 0 0 0
1 0 0 0
1169.409 898.5095 -195.9382
0 0.1 0
255 255 255 255
0.736328 0.52002
0 0 0 0
1 0 0 0
1134.36 898.5095 -135.2309
0 0.1 0
255 255 255 255
0.743652 0.523926
0 0 0 0
1 0 0 0
1169.409 898.5095 -155.4666
0 0.1 0
255 255 255 255
0.741211 0.52002
0 0 0 0
1 0 0 0
1099.31 898.5095 -195.9382
0 0.1 0
255 255 255 255
0.736328 0.52832
0 0 0 0
1 0 0 0
1134.36 898.5095 -216.1739
0 0.1 0
255 255 255 255
0.733887 0.523926
0 0 0 0
1 0 0 0
1099.31 898.5095 -155.4666
0 0.1 0
255 255 255 255
0.741211 0.52832
0 0 0 0
1 0 0 0
641.0346 -396.9526 -535.46
-0.1 0 0
255 255 255 255
0.757324 0.90625
0 0 0 0
1 0 0 0
641.0346 -349.5107 -675.081
-0.1 0 0
255 255 255 255
0.740723 0.901367
0 0 0 0
1 0 0 0
641.0346 -586.1615 -535.46
-0.1 0 0
255 255 255 255
0.757324 0.925781
0 0 0 0
1 0 0 0
641.0346 -420.4219 -675.081
-0.1 0 0
255 255 255 255
0.740723 0.908691
0 0 0 0
1 0 0 0
641.0346 -349.5107 -814.7025
-0.1 0 0
255 255 255 255
0.723633 0.901367
0 0 0 0
1 0 0 0
641.0346 -420.4219 -814.7025
-0.1 0 0
255 255 255 255
0.723633 0.908691
0 0 0 0
1 0 0 0
641.0346 -396.9526 -954.3237
-0.1 0 0
255 255 255 255
0.707031 0.90625
0 0 0 0
1 0 0 0
641.0346 -586.1615 -954.3237
-0.1 0 0
255 255 255 255
0.707031 0.925781
0 0 0 0
1 0 0 0
-294.5529 -586.1615 -423.3668
0 0 0.1
255 255 255 255
0.505371 0.532715
0 0 0 0
1 0 0 0
-154.9318 -420.4219 -423.3668
0 0 0.1
255 255 255 255
0.521973 0.515625
0 0 0 0
1 0 0 0
-294.5529 -396.9526 -423.3668
0 0 0.1
255 255 255 255
0.505371 0.513672
0 0 0 0
1 0 0 0
-154.9319 -349.5107 -423.3668
0 0 0.1
255 255 255 255
0.521973 0.508789
0 0 0 0
1 0 0 0
-15.31033 -420.4219 -423.3668
0 0 0.1
255 255 255 255
0.539063 0.515625
0 0 0 0
1 0 0 0
-15.31059 -349.5107 -423.3668
0 0 0.1
255 255 255 255
0.539063 0.508789
0 0 0 0
1 0 0 0
124.3107 -586.1615 -423.3668
0 0 0.1
255 255 255 255
0.555664 0.532715
0 0 0 0
1 0 0 0
124.3107 -396.9526 -423.3668
0 0 0.1
255 255 255 255
0.555664 0.513672
0 0 0 0
1 0 0 0
1236.284 407.1625 -87.68057
0 -0.03044056 0.09525426
255 255 255 255
0.625977 0.828613
0 0 0 0
1 0 0 0
1190.395 542.9673 -133.5689
0 0.02159524 0.09764039
255 255 255 255
0.611816 0.834473
0 0 0 0
1 0 0 0
732.0736 407.1625 -87.68057
0 0.002466131 0.09996959
255 255 255 255
0.625977 0.889648
0 0 0 0
1 0 0 0
777.962 542.9673 -133.5689
0 0.01079762 0.09941535
255 255 255 255
0.611816 0.883789
0 0 0 0
1 0 0 0
1236.284 407.1625 -577.5444
0.09525421 -0.03044069 0
255 255 255 255
0.807617 0.930664
0 0 0 0
1 0 0 0
1190.395 542.9673 -531.6561
0.09764037 0.02159533 0
255 255 255 255
0.793457 0.936035
0 0 0 0
1 0 0 0
1236.284 407.1625 -87.68057
0.09996959 0.002466134 0
255 255 255 255
0.807617 0.989746
0 0 0 0
1 0 0 0
1190.395 542.9673 -133.5689
0.09941535 0.01079762 0
255 255 255 255
0.793457 0.983887
0 0 0 0
1 0 0 0
732.0736 407.1625 -577.5444
0 -0.03044056 -0.09525426
255 255 255 255
0.658203 0.929199
0 0 0 0
1 0 0 0
777.962 542.9673 -531.6561
0 0.02159524 -0.09764039
255 255 255 255
0.644043 0.93457
0 0 0 0
1 0 0 0
1236.284 407.1625 -577.5444
0 0.002466131 -0.09996959
255 255 255 255
0.658203 0.989746
0 0 0 0
1 0 0 0
1190.395 542.9673 -531.6561
0 0.01079762 -0.09941535
255 255 255 255
0.644043 0.983887
0 0 0 0
1 0 0 0
777.962 542.9673 -133.5689
-0.09764039 0.02159524 0
255 255 255 255
0.611816 0.772461
0 0 0 0
1 0 0 0
777.962 542.9673 -531.6561
-0.09941535 0.01079762 0
255 255 255 255
0.611816 0.820312
0 0 0 0
1 0 0 0
1190.395 608.0566 -133.5689
0 0 0.1
255 255 255 255
0.605469 0.834473
0 0 0 0
1 0 0 0
777.962 608.0566 -133.5689
0 0 0.1
255 255 255 255
0.605469 0.883789
0 0 0 0
1 0 0 0
1190.395 608.0566 -531.6561
0.1 0 0
255 255 255 255
0.786621 0.936035
0 0 0 0
1 0 0 0
1190.395 608.0566 -133.5689
0.1 0 0
255 255 255 255
0.786621 0.983887
0 0 0 0
1 0 0 0
777.962 608.0566 -531.6561
0 0 -0.1
255 255 255 255
0.637207 0.93457
0 0 0 0
1 0 0 0
1190.395 608.0566 -531.6561
0 0 -0.1
255 255 255 255
0.637207 0.983887
0 0 0 0
1 0 0 0
777.962 608.0566 -133.5689
-0.1 0 0
255 255 255 255
0.605469 0.772461
0 0 0 0
1 0 0 0
777.962 608.0566 -531.6561
-0.1 0 0
255 255 255 255
0.605469 0.820312
0 0 0 0
1 0 0 0
1182.491 640.3636 -431.8779
0 0.1 0
255 255 255 255
0.669922 0.51416
0 0 0 0
1 0 0 0
1182.491 640.3636 -522.07
0 0.1 0
255 255 255 255
0.669922 0.50293
0 0 0 0
1 0 0 0
1091.572 640.3636 -431.8779
0 0.1 0
255 255 255 255
0.658691 0.51416
0 0 0 0
1 0 0 0
1091.572 640.3636 -522.07
0 0.1 0
255 255 255 255
0.658691 0.50293
0 0 0 0
1 0 0 0
1182.491 607.6522 -431.8779
0 0 0.1
255 255 255 255
0.637695 0.524414
0 0 0 0
1 0 0 0
1182.491 640.3636 -431.8779
0 0 0.1
255 255 255 255
0.637695 0.520996
0 0 0 0
1 0 0 0
1091.572 607.6522 -431.8779
0 0 0.1
255 255 255 255
0.626953 0.524414
0 0 0 0
1 0 0 0
1091.572 640.3636 -431.8779
0 0 0.1
255 255 255 255
0.626953 0.520996
0 0 0 0
1 0 0 0
1182.491 607.6522 -522.07
0.1 0 0
255 255 255 255
0.80957 0.665039
0 0 0 0
1 0 0 0
1182.491 640.3636 -522.07
0.1 0 0
255 255 255 255
0.80957 0.661621
0 0 0 0
1 0 0 0
1182.491 607.6522 -431.8779
0.1 0 0
255 255 255 255
0.79834 0.665039
0 0 0 0
1 0 0 0
1182.491 640.3636 -431.8779
0.1 0 0
255 255 255 255
0.79834 0.661621
0 0 0 0
1 0 0 0
1091.572 607.6522 -522.07
0 0 -0.1
255 255 255 255
0.810059 0.672363
0 0 0 0
1 0 0 0
1091.572 640.3636 -522.07
0 0 -0.1
255 255 255 255
0.810059 0.668945
0 0 0 0
1 0 0 0
1182.491 607.6522 -522.07
0 0 -0.1
255 255 255 255
0.798828 0.672363
0 0 0 0
1 0 0 0
1182.491 640.3636 -522.07
0 0 -0.1
255 255 255 255
0.798828 0.668945
0 0 0 0
1 0 0 0
1091.572 607.6522 -431.8779
-0.1 0 0
255 255 255 255
0.869629 0.759277
0 0 0 0
1 0 0 0
1091.572 640.3636 -431.8779
-0.1 0 0
255 255 255 255
0.869629 0.755859
0 0 0 0
1 0 0 0
1091.572 607.6522 -522.07
-0.1 0 0
255 255 255 255
0.858887 0.759277
0 0 0 0
1 0 0 0
1091.572 640.3636 -522.07
-0.1 0 0
255 255 255 255
0.858887 0.755859
0 0 0 0
1 0 0 0
1182.491 640.3636 -132.5987
0 0.1 0
255 255 255 255
0.978027 0.763672
0 0 0 0
1 0 0 0
1182.491 640.3636 -222.7907
0 0.1 0
255 255 255 255
0.978027 0.75293
0 0 0 0
1 0 0 0
1091.572 640.3636 -132.5987
0 0.1 0
255 255 255 255
0.967285 0.763672
0 0 0 0
1 0 0 0
1091.572 640.3636 -222.7907
0 0.1 0
255 255 255 255
0.967285 0.75293
0 0 0 0
1 0 0 0
1182.491 607.6522 -132.5987
0 0 0.1
255 255 255 255
0.711914 0.516602
0 0 0 0
1 0 0 0
1182.491 640.3636 -132.5987
0 0 0.1
255 255 255 255
0.711914 0.513184
0 0 0 0
1 0 0 0
1091.572 607.6522 -132.5987
0 0 0.1
255 255 255 255
0.701172 0.516602
0 0 0 0
1 0 0 0
1091.572 640.3636 -132.5987
0 0 0.1
255 255 255 255
0.701172 0.513184
0 0 0 0
1 0 0 0
1182.491 607.6522 -222.7907
0.1 0 0
255 255 255 255
0.818848 0.922852
0 0 0 0
1 0 0 0
1182.491 640.3636 -222.7907
0.1 0 0
255 255 255 255
0.818848 0.919434
0 0 0 0
1 0 0 0
1182.491 607.6522 -132.5987
0.1 0 0
255 255 255 255
0.808105 0.922852
0 0 0 0
1 0 0 0
1182.491 640.3636 -132.5987
0.1 0 0
255 255 255 255
0.808105 0.919434
0 0 0 0
1 0 0 0
1091.572 607.6522 -222.7907
0 0 -0.1
255 255 255 255
0.860352 0.708496
0 0 0 0
1 0 0 0
1091.572 640.3636 -222.7907
0 0 -0.1
255 255 255 255
0.860352 0.705078
0 0 0 0
1 0 0 0
1182.491 607.6522 -222.7907
0 0 -0.1
255 255 255 255
0.849121 0.708496
0 0 0 0
1 0 0 0
1182.491 640.3636 -222.7907
0 0 -0.1
255 255 255 255
0.849121 0.705078
0 0 0 0
1 0 0 0
1091.572 607.6522 -132.5987
-0.1 0 0
255 255 255 255
0.981934 0.610352
0 0 0 0
1 0 0 0
1091.572 640.3636 -132.5987
-0.1 0 0
255 255 255 255
0.981934 0.606934
0 0 0 0
1 0 0 0
1091.572 607.6522 -222.7907
-0.1 0 0
255 255 255 255
0.971191 0.610352
0 0 0 0
1 0 0 0
1091.572 640.3636 -222.7907
-0.1 0 0
255 255 255 255
0.971191 0.606934
0 0 0 0
1 0 0 0
879.1277 640.3636 -132.5987
0 0.1 0
255 255 255 255
0.919434 0.782227
0 0 0 0
1 0 0 0
879.1277 640.3636 -222.7907
0 0.1 0
255 255 255 255
0.919434 0.771484
0 0 0 0
1 0 0 0
788.2084 640.3636 -132.5987
0 0.1 0
255 255 255 255
0.908691 0.782227
0 0 0 0
1 0 0 0
788.2084 640.3636 -222.7907
0 0.1 0
255 255 255 255
0.908691 0.771484
0 0 0 0
1 0 0 0
879.1277 607.6522 -132.5987
0 0 0.1
255 255 255 255
0.637207 0.51709
0 0 0 0
1 0 0 0
879.1277 640.3636 -132.5987
0 0 0.1
255 255 255 255
0.637207 0.513672
0 0 0 0
1 0 0 0
788.2084 607.6522 -132.5987
0 0 0.1
255 255 255 255
0.626465 0.51709
0 0 0 0
1 0 0 0
788.2084 640.3636 -132.5987
0 0 0.1
255 255 255 255
0.626465 0.513672
0 0 0 0
1 0 0 0
879.1277 607.6522 -222.7907
0.1 0 0
255 255 255 255
0.869141 0.751953
0 0 0 0
1 0 0 0
879.1277 640.3636 -222.7907
0.1 0 0
255 255 255 255
0.869141 0.748535
0 0 0 0
1 0 0 0
879.1277 607.6522 -132.5987
0.1 0 0
255 255 255 255
0.858398 0.751953
0 0 0 0
1 0 0 0
879.1277 640.3636 -132.5987
0.1 0 0
255 255 255 255
0.858398 0.748535
0 0 0 0
1 0 0 0
788.2084 607.6522 -222.7907
0 0 -0.1
255 255 255 255
0.537598 0.52832
0 0 0 0
1 0 0 0
788.2084 640.3636 -222.7907
0 0 -0.1
255 255 255 255
0.537598 0.524902
0 0 0 0
1 0 0 0
879.1277 607.6522 -222.7907
0 0 -0.1
255 255 255 255
0.526855 0.52832
0 0 0 0
1 0 0 0
879.1277 640.3636 -222.7907
0 0 -0.1
255 255 255 255
0.526855 0.524902
0 0 0 0
1 0 0 0
788.2084 607.6522 -132.5987
-0.1 0 0
255 255 255 255
0.981934 0.619629
0 0 0 0
1 0 0 0
788.2084 640.3636 -132.5987
-0.1 0 0
255 255 255 255
0.981934 0.616211
0 0 0 0
1 0 0 0
788.2084 607.6522 -222.7907
-0.1 0 0
255 255 255 255
0.971191 0.619629
0 0 0 0
1 0 0 0
788.2084 640.3636 -222.7907
-0.1 0 0
255 255 255 255
0.971191 0.616211
0 0 0 0
1 0 0 0
879.1277 640.3636 -431.8779
0 0.1 0
255 255 255 255
0.592285 0.532715
0 0 0 0
1 0 0 0
879.1277 640.3636 -522.07
0 0.1 0
255 255 255 255
0.592285 0.521973
0 0 0 0
1 0 0 0
788.2084 640.3636 -431.8779
0 0.1 0
255 255 255 255
0.581543 0.532715
0 0 0 0
1 0 0 0
788.2084 640.3636 -522.07
0 0.1 0
255 255 255 255
0.581543 0.521973
0 0 0 0
1 0 0 0
879.1277 607.6522 -431.8779
0 0 0.1
255 255 255 255
0.712891 0.523926
0 0 0 0
1 0 0 0
879.1277 640.3636 -431.8779
0 0 0.1
255 255 255 255
0.712891 0.520508
0 0 0 0
1 0 0 0
788.2084 607.6522 -431.8779
0 0 0.1
255 255 255 255
0.70166 0.523926
0 0 0 0
1 0 0 0
788.2084 640.3636 -431.8779
0 0 0.1
255 255 255 255
0.70166 0.520508
0 0 0 0
1 0 0 0
879.1277 607.6522 -522.07
0.1 0 0
255 255 255 255
0.818359 0.915527
0 0 0 0
1 0 0 0
879.1277 640.3636 -522.07
0.1 0 0
255 255 255 255
0.818359 0.912109
0 0 0 0
1 0 0 0
879.1277 607.6522 -431.8779
0.1 0 0
255 255 255 255
0.807617 0.915527
0 0 0 0
1 0 0 0
879.1277 640.3636 -431.8779
0.1 0 0
255 255 255 255
0.807617 0.912109
0 0 0 0
1 0 0 0
788.2084 607.6522 -522.07
0 0 -0.1
255 255 255 255
0.537109 0.520996
0 0 0 0
1 0 0 0
788.2084 640.3636 -522.07
0 0 -0.1
255 255 255 255
0.537109 0.517578
0 0 0 0
1 0 0 0
879.1277 607.6522 -522.07
0 0 -0.1
255 255 255 255
0.526367 0.520996
0 0 0 0
1 0 0 0
879.1277 640.3636 -522.07
0 0 -0.1
255 255 255 255
0.526367 0.517578
0 0 0 0
1 0 0 0
788.2084 607.6522 -431.8779
-0.1 0 0
255 255 255 255
0.892578 0.685547
0 0 0 0
1 0 0 0
788.2084 640.3636 -431.8779
-0.1 0 0
255 255 255 255
0.892578 0.682129
0 0 0 0
1 0 0 0
788.2084 607.6522 -522.07
-0.1 0 0
255 255 255 255
0.881836 0.685547
0 0 0 0
1 0 0 0
788.2084 640.3636 -522.07
-0.1 0 0
255 255 255 255
0.881836 0.682129
0 0 0 0
1 0 0 0
1169.409 631.1589 -195.9382
0.1 0 0
255 255 255 255
0.886719 0.730957
0 0 0 0
1 0 0 0
1169.409 898.5095 -195.9382
0.1 0 0
255 255 255 255
0.858887 0.730957
0 0 0 0
1 0 0 0
1169.409 631.1589 -155.4667
0.1 0 0
255 255 255 255
0.886719 0.73584
0 0 0 0
1 0 0 0
1169.409 898.5095 -155.4666
0.1 0 0
255 255 255 255
0.858887 0.73584
0 0 0 0
1 0 0 0
1134.36 631.1589 -216.174
0.0500001 0 -0.08660249
255 255 255 255
0.600098 0.612793
0 0 0 0
1 0 0 0
1134.36 898.5095 -216.1739
0.05000002 0 -0.08660253
255 255 255 255
0.572754 0.612793
0 0 0 0
1 0 0 0
1169.409 631.1589 -195.9382
0.05000002 0 -0.08660253
255 255 255 255
0.600098 0.617676
0 0 0 0
1 0 0 0
1169.409 898.5095 -195.9382
0.05000002 0 -0.08660253
255 255 255 255
0.572754 0.617676
0 0 0 0
1 0 0 0
1099.31 631.1589 -195.9382
-0.0499999 0 -0.0866026
255 255 255 255
0.918457 0.728516
0 0 0 0
1 0 0 0
1099.31 898.5095 -195.9382
-0.04999983 0 -0.08660264
255 255 255 255
0.891113 0.728516
0 0 0 0
1 0 0 0
1134.36 631.1589 -216.174
-0.04999983 0 -0.08660264
255 255 255 255
0.918457 0.733398
0 0 0 0
1 0 0 0
1134.36 898.5095 -216.1739
-0.04999978 0 -0.08660267
255 255 255 255
0.891113 0.733398
0 0 0 0
1 0 0 0
1099.31 631.1589 -155.4666
-0.1 0 0
255 255 255 255
0.935059 0.662598
0 0 0 0
1 0 0 0
1099.31 898.5095 -155.4666
-0.1 0 0
255 255 255 255
0.907227 0.662598
0 0 0 0
1 0 0 0
1099.31 631.1589 -195.9382
-0.1 0 0
255 255 255 255
0.935059 0.66748
0 0 0 0
1 0 0 0
1099.31 898.5095 -195.9382
-0.1 0 0
255 255 255 255
0.907227 0.66748
0 0 0 0
1 0 0 0
1134.36 631.1589 -135.2309
-0.04999978 0 0.08660267
255 255 255 255
0.943848 0.907227
0 0 0 0
1 0 0 0
1134.36 898.5095 -135.2309
-0.04999978 0 0.08660267
255 255 255 255
0.916504 0.907227
0 0 0 0
1 0 0 0
1099.31 631.1589 -155.4666
-0.04999978 0 0.08660267
255 255 255 255
0.943848 0.912598
0 0 0 0
1 0 0 0
1099.31 898.5095 -155.4666
-0.04999978 0 0.08660267
255 255 255 255
0.916504 0.912598
0 0 0 0
1 0 0 0
1169.409 631.1589 -155.4667
0.0500001 0 0.08660249
255 255 255 255
0.600098 0.550781
0 0 0 0
1 0 0 0
1169.409 898.5095 -155.4666
0.0500001 0 0.08660249
255 255 255 255
0.572754 0.550781
0 0 0 0
1 0 0 0
1134.36 631.1589 -135.2309
0.0500001 0 0.08660249
255 255 255 255
0.600098 0.555664
0 0 0 0
1 0 0 0
1134.36 898.5095 -135.2309
0.05000002 0 0.08660253
255 255 255 255
0.572754 0.555664
0 0 0 0
1 0 0 0
1099.31 631.1589 -462.1014
-0.1 0 0
255 255 255 255
0.82666 0.644531
0 0 0 0
1 0 0 0
1099.31 898.5095 -462.1014
-0.1 0 0
255 255 255 255
0.799316 0.644531
0 0 0 0
1 0 0 0
1099.31 631.1589 -502.5729
-0.1 0 0
255 255 255 255
0.82666 0.649414
0 0 0 0
1 0 0 0
1099.31 898.5095 -502.5729
-0.1 0 0
255 255 255 255
0.799316 0.649414
0 0 0 0
1 0 0 0
1134.36 631.1589 -441.8657
-0.04999978 0 0.08660267
255 255 255 255
0.976074 0.575195
0 0 0 0
1 0 0 0
1134.36 898.5095 -441.8656
-0.0499999 0 0.0866026
255 255 255 255
0.948242 0.575195
0 0 0 0
1 0 0 0
1099.31 631.1589 -462.1014
-0.0499999 0 0.0866026
255 255 255 255
0.976074 0.580078
0 0 0 0
1 0 0 0
1099.31 898.5095 -462.1014
-0.0499999 0 0.0866026
255 255 255 255
0.948242 0.580078
0 0 0 0
1 0 0 0
1169.409 631.1589 -462.1014
0.05000002 0 0.08660253
255 255 255 255
0.926758 0.694824
0 0 0 0
1 0 0 0
1169.409 898.5095 -462.1014
0.0500001 0 0.08660249
255 255 255 255
0.898926 0.694824
0 0 0 0
1 0 0 0
1134.36 631.1589 -441.8657
0.0500001 0 0.08660249
255 255 255 255
0.926758 0.699707
0 0 0 0
1 0 0 0
1134.36 898.5095 -441.8656
0.0500001 0 0.08660249
255 255 255 255
0.898926 0.699707
0 0 0 0
1 0 0 0
-899.8495 299.5651 -15.37945
-0.07729631 0.06344511 0
255 255 255 255
0.977051 0.932129
0 0 0 0
1 0 0 0
-936.7272 254.6364 -44.57761
-0.07729631 0.06344511 0
255 255 255 255
0.973633 0.938477
0 0 0 0
1 0 0 0
-899.8495 299.5651 72.09584
-0.07729631 0.06344511 0
255 255 255 255
0.987793 0.932129
0 0 0 0
1 0 0 0
-936.7272 254.6364 101.294
-0.07729631 0.06344511 0
255 255 255 255
0.991211 0.938477
0 0 0 0
1 0 0 0
514.4286 -419.1093 86.18758
0 0 0.1
255 255 255 255
0.739258 0.53125
0 0 0 0
1 0 0 0
514.4286 150.166 86.18758
0 0 0.1
255 255 255 255
0.680176 0.53125
0 0 0 0
1 0 0 0
179.4711 -419.1093 86.18758
0 0 0.1
255 255 255 255
0.739258 0.571777
0 0 0 0
1 0 0 0
179.4711 150.166 86.18758
0 0 0.1
255 255 255 255
0.680176 0.571777
0 0 0 0
1 0 0 0
514.4286 -419.1093 -447.6501
0.1 0 0
255 255 255 255
0.669434 0.59082
0 0 0 0
1 0 0 0
514.4286 150.166 -447.6501
0.1 0 0
255 255 255 255
0.669434 0.532227
0 0 0 0
1 0 0 0
514.4286 -419.1093 86.18758
0.1 0 0
255 255 255 255
0.605469 0.59082
0 0 0 0
1 0 0 0
514.4286 150.166 86.18758
0.1 0 0
255 255 255 255
0.605469 0.532227
0 0 0 0
1 0 0 0
179.4711 -419.1093 -447.6501
0 0 -0.1
255 255 255 255
0.988281 0.785645
0 0 0 0
1 0 0 0
179.4711 150.166 -447.6501
0 0 -0.1
255 255 255 255
0.929688 0.785645
0 0 0 0
1 0 0 0
514.4286 -419.1093 -447.6501
0 0 -0.1
255 255 255 255
0.988281 0.825684
0 0 0 0
1 0 0 0
514.4286 150.166 -447.6501
0 0 -0.1
255 255 255 255
0.929688 0.825684
0 0 0 0
1 0 0 0
179.4711 -419.1093 86.18758
-0.1 0 0
255 255 255 255
0.744629 0.633789
0 0 0 0
1 0 0 0
179.4711 150.166 86.18758
-0.1 0 0
255 255 255 255
0.744629 0.575195
0 0 0 0
1 0 0 0
179.4711 -419.1093 -447.6501
-0.1 0 0
255 255 255 255
0.680176 0.633789
0 0 0 0
1 0 0 0
179.4711 150.166 -447.6501
-0.1 0 0
255 255 255 255
0.680176 0.575195
0 0 0 0
1 0 0 0
179.4711 150.166 -447.6501
0 0.1 0
255 255 255 255
0.505371 0.57666
0 0 0 0
1 0 0 0
179.4711 150.166 86.18758
0 0.1 0
255 255 255 255
0.569336 0.57666
0 0 0 0
1 0 0 0
514.4286 150.166 -447.6501
0 0.1 0
255 255 255 255
0.505371 0.536133
0 0 0 0
1 0 0 0
514.4286 150.166 86.18758
0 0.1 0
255 255 255 255
0.569336 0.536133
0 0 0 0
1 0 0 0
502.7296 143.976 103.8279
0 0 0.1
255 255 255 255
0.84668 0.692871
0 0 0 0
1 0 0 0
502.7296 252.0964 103.8279
0 0 0.1
255 255 255 255
0.84668 0.681641
0 0 0 0
1 0 0 0
349.1338 143.976 103.8279
0 0 0.1
255 255 255 255
0.828125 0.692871
0 0 0 0
1 0 0 0
349.1338 252.0964 103.8279
0 0 0.1
255 255 255 255
0.828125 0.681641
0 0 0 0
1 0 0 0
502.7296 143.976 -11.83086
0.1 0 0
255 255 255 255
0.979492 0.88623
0 0 0 0
1 0 0 0
502.7296 252.0964 -11.83086
0.1 0 0
255 255 255 255
0.979492 0.875
0 0 0 0
1 0 0 0
502.7296 143.976 103.8279
0.1 0 0
255 255 255 255
0.965332 0.88623
0 0 0 0
1 0 0 0
502.7296 252.0964 103.8279
0.1 0 0
255 255 255 255
0.965332 0.875
0 0 0 0
1 0 0 0
349.1338 143.976 -11.83086
0 0 -0.1
255 255 255 255
0.855957 0.73584
0 0 0 0
1 0 0 0
349.1338 252.0964 -11.83086
0 0 -0.1
255 255 255 255
0.855957 0.725098
0 0 0 0
1 0 0 0
502.7296 143.976 -11.83086
0 0 -0.1
255 255 255 255
0.837402 0.73584
0 0 0 0
1 0 0 0
502.7296 252.0964 -11.83086
0 0 -0.1
255 255 255 255
0.837402 0.725098
0 0 0 0
1 0 0 0
349.1338 143.976 103.8279
-0.1 0 0
255 255 255 255
0.895996 0.699707
0 0 0 0
1 0 0 0
349.1338 252.0964 103.8279
-0.1 0 0
255 255 255 255
0.895996 0.688477
0 0 0 0
1 0 0 0
349.1338 143.976 -11.83086
-0.1 0 0
255 255 255 255
0.881836 0.699707
0 0 0 0
1 0 0 0
349.1338 252.0964 -11.83086
-0.1 0 0
255 255 255 255
0.881836 0.688477
0 0 0 0
1 0 0 0
381.0573 299.5651 2.260829
0 0.1 0
255 255 255 255
0.580078 0.76123
0 0 0 0
1 0 0 0
381.0573 299.5651 89.73612
0 0.1 0
255 255 255 255
0.580078 0.771484
0 0 0 0
1 0 0 0
486.5635 299.5651 2.260829
0 0.1 0
255 255 255 255
0.592773 0.76123
0 0 0 0
1 0 0 0
486.5635 299.5651 89.73615
0 0.1 0
255 255 255 255
0.592773 0.771484
0 0 0 0
1 0 0 0
502.7296 252.0964 103.8279
0.008153463 -0.09951222 0.005553296
255 255 255 255
0.599121 0.776855
0 0 0 0
1 0 0 0
523.4412 254.6364 118.9343
0.004076729 -0.09929766 0.01110659
255 255 255 255
0.602051 0.774902
0 0 0 0
1 0 0 0
349.1338 252.0964 103.8279
-0.01563923 -0.09811313 0.01136787
255 255 255 255
0.581055 0.776855
0 0 0 0
1 0 0 0
344.1796 254.6364 118.9343
-0.03127838 -0.09481221 0.00568394
255 255 255 255
0.580078 0.774902
0 0 0 0
1 0 0 0
502.7296 252.0964 -11.83086
0.004076729 -0.09929767 -0.01110649
255 255 255 255
0.599121 0.790527
0 0 0 0
1 0 0 0
523.4412 254.6364 -26.93734
0.008153463 -0.09951222 -0.005553296
255 255 255 255
0.602051 0.79248
0 0 0 0
1 0 0 0
349.1338 252.0964 -11.83086
-0.03127835 -0.09481222 -0.005683935
255 255 255 255
0.581055 0.790527
0 0 0 0
1 0 0 0
344.1796 254.6364 -26.93734
-0.01563923 -0.09811314 -0.01136777
255 255 255 255
0.580078 0.79248
0 0 0 0
1 0 0 0
523.4412 254.6364 118.9343
0 0.05449158 0.08384907
255 255 255 255
0.878906 0.846191
0 0 0 0
1 0 0 0
486.5635 299.5651 89.73615
0 0.05449158 0.08384907
255 255 255 255
0.874512 0.840332
0 0 0 0
1 0 0 0
344.1796 254.6364 118.9343
0 0.05449158 0.08384907
255 255 255 255
0.857422 0.846191
0 0 0 0
1 0 0 0
381.0573 299.5651 89.73612
0 0.05449158 0.08384907
255 255 255 255
0.861816 0.840332
0 0 0 0
1 0 0 0
523.4412 254.6364 -26.93734
0.07729631 0.06344511 0
255 255 255 255
0.901855 0.646484
0 0 0 0
1 0 0 0
486.5635 299.5651 2.260829
0.07729631 0.06344511 0
255 255 255 255
0.898438 0.640137
0 0 0 0
1 0 0 0
523.4412 254.6364 118.9343
0.07729631 0.06344511 0
255 255 255 255
0.884766 0.646484
0 0 0 0
1 0 0 0
486.5635 299.5651 89.73615
0.07729631 0.06344511 0
255 255 255 255
0.888184 0.640137
0 0 0 0
1 0 0 0
344.1796 254.6364 -26.93734
0 0.05449158 -0.08384907
255 255 255 255
0.987793 0.742676
0 0 0 0
1 0 0 0
381.0573 299.5651 2.260829
0 0.05449158 -0.08384907
255 255 255 255
0.983398 0.736816
0 0 0 0
1 0 0 0
523.4412 254.6364 -26.93734
0 0.05449158 -0.08384907
255 255 255 255
0.96582 0.742676
0 0 0 0
1 0 0 0
486.5635 299.5651 2.260829
0 0.05449158 -0.08384907
255 255 255 255
0.970215 0.736816
0 0 0 0
1 0 0 0
344.1796 254.6364 118.9343
-0.07729625 0.06344517 0
255 255 255 255
0.990234 0.927246
0 0 0 0
1 0 0 0
381.0573 299.5651 89.73612
-0.07729625 0.06344517 0
255 255 255 255
0.986816 0.920898
0 0 0 0
1 0 0 0
344.1796 254.6364 -26.93734
-0.07729625 0.06344517 0
255 255 255 255
0.972656 0.927246
0 0 0 0
1 0 0 0
381.0573 299.5651 2.260829
-0.07729625 0.06344517 0
255 255 255 255
0.976074 0.920898
0 0 0 0
1 0 0 0
184.3127 89.39256 86.18758
0 0 0.1
255 255 255 255
0.956543 0.677246
0 0 0 0
1 0 0 0
184.3127 150.166 86.18758
0 0 0.1
255 255 255 255
0.956543 0.670898
0 0 0 0
1 0 0 0
-413.4045 89.39256 86.18758
0 0 0.1
255 255 255 255
0.884766 0.677246
0 0 0 0
1 0 0 0
-413.4045 150.166 86.18758
0 0 0.1
255 255 255 255
0.884766 0.670898
0 0 0 0
1 0 0 0
184.3127 89.39256 -447.6501
0.1 0 0
255 255 255 255
0.914551 0.580078
0 0 0 0
1 0 0 0
184.3127 150.166 -447.6501
0.1 0 0
255 255 255 255
0.914551 0.57373
0 0 0 0
1 0 0 0
184.3127 89.39256 86.18758
0.1 0 0
255 255 255 255
0.850586 0.580078
0 0 0 0
1 0 0 0
184.3127 150.166 86.18758
0.1 0 0
255 255 255 255
0.850586 0.57373
0 0 0 0
1 0 0 0
-413.4045 89.39256 -447.6501
0 0 -0.1
255 255 255 255
0.962891 0.742676
0 0 0 0
1 0 0 0
-413.4045 150.166 -447.6501
0 0 -0.1
255 255 255 255
0.962891 0.736328
0 0 0 0
1 0 0 0
184.3127 89.39256 -447.6501
0 0 -0.1
255 255 255 255
0.891113 0.742676
0 0 0 0
1 0 0 0
184.3127 150.166 -447.6501
0 0 -0.1
255 255 255 255
0.891113 0.736328
0 0 0 0
1 0 0 0
-413.4045 89.39256 86.18758
-0.1 0 0
255 255 255 255
0.865234 0.590332
0 0 0 0
1 0 0 0
-413.4045 150.166 86.18758
-0.1 0 0
255 255 255 255
0.865234 0.583984
0 0 0 0
1 0 0 0
-413.4045 89.39256 -447.6501
-0.1 0 0
255 255 255 255
0.80127 0.590332
0 0 0 0
1 0 0 0
-413.4045 150.166 -447.6501
-0.1 0 0
255 255 255 255
0.80127 0.583984
0 0 0 0
1 0 0 0
-413.4045 150.166 -447.6501
0 0.1 0
255 255 255 255
0.605469 0.65625
0 0 0 0
1 0 0 0
-413.4045 150.166 86.18758
0 0.1 0
255 255 255 255
0.605469 0.720215
0 0 0 0
1 0 0 0
184.3127 150.166 -447.6501
0 0.1 0
255 255 255 255
0.677246 0.65625
0 0 0 0
1 0 0 0
184.3127 150.166 86.18758
0 0.1 0
255 255 255 255
0.677246 0.720215
0 0 0 0
1 0 0 0
-53.65387 -112.4109 998.6849
0 0 0.1
255 255 255 255
0.73877 0.916992
0 0 0 0
1 0 0 0
-53.65387 -51.63746 998.6849
0 0 0.1
255 255 255 255
0.73877 0.910645
0 0 0 0
1 0 0 0
-122.8478 -112.4109 998.6849
0 0 0.1
255 255 255 255
0.730469 0.916992
0 0 0 0
1 0 0 0
-122.8478 -51.63746 998.6849
0 0 0.1
255 255 255 255
0.730469 0.910645
0 0 0 0
1 0 0 0
-32.23011 -112.411 -834.2835
0.09999318 0 0.0011687
255 255 255 255
0.968262 0.619629
0 0 0 0
1 0 0 0
-32.23011 -51.63746 -834.2835
0.09999318 0 0.0011687
255 255 255 255
0.968262 0.613281
0 0 0 0
1 0 0 0
-53.65387 -112.4109 998.6849
0.09999318 0 0.0011687
255 255 255 255
0.747559 0.619629
0 0 0 0
1 0 0 0
-53.65387 -51.63746 998.6849
0.09999318 0 0.0011687
255 255 255 255
0.747559 0.613281
0 0 0 0
1 0 0 0
-101.4242 -112.411 -834.2835
0 0 -0.1
255 255 255 255
0.86084 0.71875
0 0 0 0
1 0 0 0
-101.4242 -51.63746 -834.2835
0 0 -0.1
255 255 255 255
0.86084 0.712402
0 0 0 0
1 0 0 0
-32.23011 -112.411 -834.2835
0 0 -0.1
255 255 255 255
0.852539 0.71875
0 0 0 0
1 0 0 0
-32.23011 -51.63746 -834.2835
0 0 -0.1
255 255 255 255
0.852539 0.712402
0 0 0 0
1 0 0 0
-122.8478 -112.4109 998.6849
-0.09999318 0 -0.0011687
255 255 255 255
0.968262 0.610352
0 0 0 0
1 0 0 0
-122.8478 -51.63746 998.6849
-0.09999318 0 -0.0011687
255 255 255 255
0.968262 0.604004
0 0 0 0
1 0 0 0
-101.4242 -112.411 -834.2835
-0.09999318 0 -0.0011687
255 255 255 255
0.747559 0.610352
0 0 0 0
1 0 0 0
-101.4242 -51.63746 -834.2835
-0.09999318 0 -0.0011687
255 255 255 255
0.747559 0.604004
0 0 0 0
1 0 0 0
-101.4242 -51.63746 -834.2835
0 0.1 0
255 255 255 255
0.747559 0.631348
0 0 0 0
1 0 0 0
-122.8478 -51.63746 998.6849
0 0.1 0
255 255 255 255
0.968262 0.633789
0 0 0 0
1 0 0 0
-32.23011 -51.63746 -834.2835
0 0.1 0
255 255 255 255
0.747559 0.623047
0 0 0 0
1 0 0 0
-53.65387 -51.63746 998.6849
0 0.1 0
255 255 255 255
0.968262 0.625488
0 0 0 0
1 0 0 0
-51.39508 143.9767 574.1259
0.1 0 0
255 255 255 255
0.80127 0.593262
0 0 0 0
1 0 0 0
-51.39508 143.9767 634.8995
0.1 0 0
255 255 255 255
0.80127 0.600586
0 0 0 0
1 0 0 0
-51.39508 -819.6061 574.1259
0.1 0 0
255 255 255 255
0.900879 0.593262
0 0 0 0
1 0 0 0
-51.39508 -819.6061 634.8994
0.1 0 0
255 255 255 255
0.900879 0.600586
0 0 0 0
1 0 0 0
-120.5892 143.9767 574.1259
0 0.1 0
255 255 255 255
0.730957 0.917969
0 0 0 0
1 0 0 0
-120.5892 143.9767 634.8995
0 0.1 0
255 255 255 255
0.730957 0.925293
0 0 0 0
1 0 0 0
-51.39508 143.9767 574.1259
0 0.1 0
255 255 255 255
0.739258 0.917969
0 0 0 0
1 0 0 0
-51.39508 143.9767 634.8995
0 0.1 0
255 255 255 255
0.739258 0.925293
0 0 0 0
1 0 0 0
-120.5892 -819.6061 574.1259
-0.1 0 0
255 255 255 255
0.847168 0.580078
0 0 0 0
1 0 0 0
-120.5892 -819.6061 634.8994
-0.1 0 0
255 255 255 255
0.847168 0.572754
0 0 0 0
1 0 0 0
-120.5892 143.9767 574.1259
-0.1 0 0
255 255 255 255
0.747559 0.580078
0 0 0 0
1 0 0 0
-120.5892 143.9767 634.8995
-0.1 0 0
255 255 255 255
0.747559 0.572754
0 0 0 0
1 0 0 0
-120.5892 143.9767 634.8995
0 0 0.1
255 255 255 255
0.881836 0.720215
0 0 0 0
1 0 0 0
-120.5892 -819.6061 634.8994
0 0 0.1
255 255 255 255
0.981445 0.720215
0 0 0 0
1 0 0 0
-51.39508 143.9767 634.8995
0 0 0.1
255 255 255 255
0.881836 0.711914
0 0 0 0
1 0 0 0
-51.39508 -819.6061 634.8994
0 0 0.1
255 255 255 255
0.981445 0.711914
0 0 0 0
1 0 0 0
-120.5892 -819.6061 574.1259
0 0 -0.1
255 255 255 255
0.854004 0.837891
0 0 0 0
1 0 0 0
-120.5892 143.9767 574.1259
0 0 -0.1
255 255 255 255
0.754395 0.837891
0 0 0 0
1 0 0 0
-51.39508 -819.6061 574.1259
0 0 -0.1
255 255 255 255
0.854004 0.846191
0 0 0 0
1 0 0 0
-51.39508 143.9767 574.1259
0 0 -0.1
255 255 255 255
0.754395 0.846191
0 0 0 0
1 0 0 0
16.05692 -214.9625 295.0087
0 -0.1 0
255 255 255 255
0.962891 0.600586
0 0 0 0
1 0 0 0
70.49809 -214.9625 295.0087
0 -0.1 0
255 255 255 255
0.962891 0.594238
0 0 0 0
1 0 0 0
16.05692 -214.9625 783.6025
0 -0.1 0
255 255 255 255
0.903809 0.600586
0 0 0 0
1 0 0 0
70.49809 -214.9625 783.6025
0 -0.1 0
255 255 255 255
0.903809 0.594238
0 0 0 0
1 0 0 0
92.98216 -82.15971 783.6025
0 0.1 0
255 255 255 255
0.952637 0.915527
0 0 0 0
1 0 0 0
92.98216 -82.15971 295.0087
0 0.1 0
255 255 255 255
0.893555 0.915527
0 0 0 0
1 0 0 0
-6.427089 -82.15971 783.6025
0 0.1 0
255 255 255 255
0.952637 0.927246
0 0 0 0
1 0 0 0
-6.427089 -82.15971 295.0087
0 0.1 0
255 255 255 255
0.893555 0.927246
0 0 0 0
1 0 0 0
-6.427089 -82.15971 783.6025
0 0 0.1
255 255 255 255
0.891602 0.782227
0 0 0 0
1 0 0 0
-6.427089 -172.3891 783.6025
0 0 0.1
255 255 255 255
0.900879 0.782227
0 0 0 0
1 0 0 0
92.98216 -82.15971 783.6025
0 0 0.1
255 255 255 255
0.891602 0.770508
0 0 0 0
1 0 0 0
92.98216 -172.3891 783.6025
0 0 0.1
255 255 255 255
0.900879 0.770508
0 0 0 0
1 0 0 0
70.49809 -214.9625 783.6025
0 0 0.1
255 255 255 255
0.905273 0.772949
0 0 0 0
1 0 0 0
16.05692 -214.9625 783.6025
0 0 0.1
255 255 255 255
0.905273 0.779785
0 0 0 0
1 0 0 0
-757.4656 254.6364 -306.813
0 0.05449163 0.08384905
255 255 255 255
0.987305 0.600586
0 0 0 0
1 0 0 0
-794.3433 299.5651 -336.0112
0 0.0544917 0.08384901
255 255 255 255
0.98291 0.594727
0 0 0 0
1 0 0 0
-936.7272 254.6364 -306.8131
0 0.0544917 0.08384901
255 255 255 255
0.96582 0.600586
0 0 0 0
1 0 0 0
-899.8495 299.5651 -336.0113
-1E-07 0.0544917 0.08384901
255 255 255 255
0.970215 0.594727
0 0 0 0
1 0 0 0
-931.7731 252.0964 -321.9195
-0.01563967 -0.09811307 0.01136779
255 255 255 255
0.962402 0.873535
0 0 0 0
1 0 0 0
-936.7272 254.6364 -306.8131
-0.03127925 -0.09481193 0.005683948
255 255 255 255
0.961914 0.87207
0 0 0 0
1 0 0 0
-931.7731 252.0964 -437.5783
-0.03127925 -0.09481193 -0.005683948
255 255 255 255
0.962402 0.887695
0 0 0 0
1 0 0 0
-936.7272 254.6364 -452.6847
-0.01563966 -0.09811305 -0.01136789
255 255 255 255
0.961914 0.889648
0 0 0 0
1 0 0 0
-778.1772 252.0964 -437.5783
0.004076729 -0.09929766 -0.01110659
255 255 255 255
0.980957 0.887695
0 0 0 0
1 0 0 0
-757.4656 254.6364 -452.6847
0.008153463 -0.09951222 -0.005553296
255 255 255 255
0.983398 0.889648
0 0 0 0
1 0 0 0
-778.1772 252.0964 -321.9195
0.008153463 -0.09951222 0.005553296
255 255 255 255
0.980957 0.873535
0 0 0 0
1 0 0 0
-757.4656 254.6364 -306.813
0.004076729 -0.09929767 0.01110649
255 255 255 255
0.983398 0.87207
0 0 0 0
1 0 0 0
-899.8495 299.5651 -423.4866
0 0.1 0
255 255 255 255
0.971191 0.623047
0 0 0 0
1 0 0 0
-899.8495 299.5651 -336.0113
0 0.1 0
255 255 255 255
0.971191 0.633789
0 0 0 0
1 0 0 0
-794.3433 299.5651 -423.4866
0 0.1 0
255 255 255 255
0.983887 0.623047
0 0 0 0
1 0 0 0
-794.3433 299.5651 -336.0112
0 0.1 0
255 255 255 255
0.983887 0.633789
0 0 0 0
1 0 0 0
-931.7731 143.976 -321.9195
-0.1 0 0
255 255 255 255
0.969727 0.927246
0 0 0 0
1 0 0 0
-931.7731 252.0964 -321.9195
-0.1 0 0
255 255 255 255
0.969727 0.916504
0 0 0 0
1 0 0 0
-931.7731 143.976 -437.5783
-0.1 0 0
255 255 255 255
0.955566 0.927246
0 0 0 0
1 0 0 0
-931.7731 252.0964 -437.5783
-0.1 0 0
255 255 255 255
0.955566 0.916504
0 0 0 0
1 0 0 0
-931.7731 143.976 -437.5783
0 0 -0.1
255 255 255 255
0.858887 0.906738
0 0 0 0
1 0 0 0
-931.7731 252.0964 -437.5783
0 0 -0.1
255 255 255 255
0.858887 0.895508
0 0 0 0
1 0 0 0
-778.1772 143.976 -437.5783
0 0 -0.1
255 255 255 255
0.840332 0.906738
0 0 0 0
1 0 0 0
-778.1772 252.0964 -437.5783
0 0 -0.1
255 255 255 255
0.840332 0.895508
0 0 0 0
1 0 0 0
-778.1772 143.976 -437.5783
0.1 0 0
255 255 255 255
0.598145 0.789062
0 0 0 0
1 0 0 0
-778.1772 252.0964 -437.5783
0.1 0 0
255 255 255 255
0.598145 0.777832
0 0 0 0
1 0 0 0
-778.1772 143.976 -321.9195
0.1 0 0
255 255 255 255
0.583984 0.789062
0 0 0 0
1 0 0 0
-778.1772 252.0964 -321.9195
0.1 0 0
255 255 255 255
0.583984 0.777832
0 0 0 0
1 0 0 0
-778.1772 143.976 -321.9195
0 0 0.1
255 255 255 255
0.795898 0.649414
0 0 0 0
1 0 0 0
-778.1772 252.0964 -321.9195
0 0 0.1
255 255 255 255
0.795898 0.638184
0 0 0 0
1 0 0 0
-931.7731 143.976 -321.9195
0 0 0.1
255 255 255 255
0.777344 0.649414
0 0 0 0
1 0 0 0
-931.7731 252.0964 -321.9195
0 0 0.1
255 255 255 255
0.777344 0.638184
0 0 0 0
1 0 0 0
641.0346 -396.9526 -954.3237
0 0.09468331 -0.0321725
255 255 255 255
0.831055 0.677246
0 0 0 0
1 0 0 0
641.0346 -349.5107 -814.7025
0 0.09761577 -0.02170628
255 255 255 255
0.847656 0.677246
0 0 0 0
1 0 0 0
788.9658 -396.9526 -954.3237
0 0.09468331 -0.0321725
255 255 255 255
0.831055 0.65918
0 0 0 0
1 0 0 0
788.9658 -349.5107 -814.7023
0 0.0994093 -0.01085319
255 255 255 255
0.847656 0.65918
0 0 0 0
1 0 0 0
788.9658 -396.9526 -535.46
0 0.09468331 0.0321725
255 255 255 255
0.881348 0.65918
0 0 0 0
1 0 0 0
788.9658 -349.5107 -675.081
0 0.09761576 0.0217063
255 255 255 255
0.864746 0.65918
0 0 0 0
1 0 0 0
641.0346 -396.9526 -535.46
0 0.09468331 0.0321725
255 255 255 255
0.881348 0.677246
0 0 0 0
1 0 0 0
641.0346 -349.5107 -675.081
0 0.0994093 0.01085319
255 255 255 255
0.864746 0.677246
0 0 0 0
1 0 0 0
788.9658 -586.1615 -535.46
0 0 0.1
255 255 255 255
0.850586 0.638184
0 0 0 0
1 0 0 0
788.9658 -396.9526 -535.46
0 0 0.1
255 255 255 255
0.831055 0.638184
0 0 0 0
1 0 0 0
641.0346 -586.1615 -535.46
0 0 0.1
255 255 255 255
0.850586 0.65625
0 0 0 0
1 0 0 0
641.0346 -396.9526 -535.46
0 0 0.1
255 255 255 255
0.831055 0.65625
0 0 0 0
1 0 0 0
641.0346 -586.1615 -954.3237
0 0 -0.1
255 255 255 255
0.963867 0.746094
0 0 0 0
1 0 0 0
641.0346 -396.9526 -954.3237
0 0 -0.1
255 255 255 255
0.944336 0.746094
0 0 0 0
1 0 0 0
788.9658 -586.1615 -954.3237
0 0 -0.1
255 255 255 255
0.963867 0.763672
0 0 0 0
1 0 0 0
788.9658 -396.9526 -954.3237
0 0 -0.1
255 255 255 255
0.944336 0.763672
0 0 0 0
1 0 0 0
788.9658 -396.9526 -954.3237
0.1 0 0
255 255 255 255
0.887695 0.744141
0 0 0 0
1 0 0 0
788.9658 -349.5107 -814.7023
0.1 0 0
255 255 255 255
0.871094 0.739258
0 0 0 0
1 0 0 0
788.9658 -586.1615 -954.3237
0.1 0 0
255 255 255 255
0.887695 0.763672
0 0 0 0
1 0 0 0
788.9658 -420.4219 -814.7025
0.1 0 0
255 255 255 255
0.871094 0.746582
0 0 0 0
1 0 0 0
788.9658 -349.5107 -675.081
0.1 0 0
255 255 255 255
0.854492 0.739258
0 0 0 0
1 0 0 0
788.9658 -420.4219 -675.081
0.1 0 0
255 255 255 255
0.854492 0.746582
0 0 0 0
1 0 0 0
788.9658 -396.9526 -535.46
0.1 0 0
255 255 255 255
0.837402 0.744141
0 0 0 0
1 0 0 0
788.9658 -586.1615 -535.46
0.1 0 0
255 255 255 255
0.837402 0.763672
0 0 0 0
1 0 0 0
-936.7272 254.6364 -44.57761
0 0.05449158 -0.08384907
255 255 255 255
0.782227 0.904785
0 0 0 0
1 0 0 0
-899.8495 299.5651 -15.37945
0 0.05449158 -0.08384907
255 255 255 255
0.777832 0.898926
0 0 0 0
1 0 0 0
-757.4656 254.6364 -44.57761
0 0.05449158 -0.08384907
255 255 255 255
0.760742 0.904785
0 0 0 0
1 0 0 0
-794.3433 299.5651 -15.37945
0 0.05449158 -0.08384907
255 255 255 255
0.765137 0.898926
0 0 0 0
1 0 0 0
-757.4656 254.6364 -44.57761
0.07729631 0.06344511 0
255 255 255 255
0.576172 0.512207
0 0 0 0
1 0 0 0
-794.3433 299.5651 -15.37945
0.07729631 0.06344511 0
255 255 255 255
0.572754 0.505859
0 0 0 0
1 0 0 0
-757.4656 254.6364 101.294
0.07729631 0.06344511 0
255 255 255 255
0.558594 0.512207
0 0 0 0
1 0 0 0
-794.3433 299.5651 72.09584
0.07729631 0.06344511 0
255 255 255 255
0.5625 0.505859
0 0 0 0
1 0 0 0
-757.4656 254.6364 101.294
0 0.05449163 0.08384905
255 255 255 255
0.987305 0.600586
0 0 0 0
1 0 0 0
-794.3433 299.5651 72.09584
0 0.05449158 0.08384907
255 255 255 255
0.98291 0.594727
0 0 0 0
1 0 0 0
-936.7272 254.6364 101.294
0 0.05449158 0.08384907
255 255 255 255
0.96582 0.600586
0 0 0 0
1 0 0 0
-899.8495 299.5651 72.09584
0 0.05449158 0.08384907
255 255 255 255
0.970215 0.594727
0 0 0 0
1 0 0 0
-931.7731 252.0964 86.18758
-0.01563967 -0.09811307 0.01136779
255 255 255 255
0.962402 0.873535
0 0 0 0
1 0 0 0
-936.7272 254.6364 101.294
-0.03127925 -0.09481193 0.005683948
255 255 255 255
0.961914 0.87207
0 0 0 0
1 0 0 0
-931.7731 252.0964 -29.47116
-0.03127925 -0.09481193 -0.005683948
255 255 255 255
0.962402 0.887695
0 0 0 0
1 0 0 0
-936.7272 254.6364 -44.57761
-0.01563967 -0.09811307 -0.01136779
255 255 255 255
0.961914 0.889648
0 0 0 0
1 0 0 0
-778.1772 252.0964 -29.47116
0.004076729 -0.09929767 -0.01110649
255 255 255 255
0.980957 0.887695
0 0 0 0
1 0 0 0
-757.4656 254.6364 -44.57761
0.008153463 -0.09951222 -0.005553296
255 255 255 255
0.983398 0.889648
0 0 0 0
1 0 0 0
-778.1772 252.0964 86.18758
0.008153463 -0.09951222 0.005553296
255 255 255 255
0.980957 0.873535
0 0 0 0
1 0 0 0
-757.4656 254.6364 101.294
0.004076729 -0.09929767 0.01110649
255 255 255 255
0.983398 0.87207
0 0 0 0
1 0 0 0
-899.8495 299.5651 -15.37945
0 0.1 0
255 255 255 255
0.971191 0.623047
0 0 0 0
1 0 0 0
-899.8495 299.5651 72.09584
0 0.1 0
255 255 255 255
0.971191 0.633789
0 0 0 0
1 0 0 0
-794.3433 299.5651 -15.37945
0 0.1 0
255 255 255 255
0.983887 0.623047
0 0 0 0
1 0 0 0
-794.3433 299.5651 72.09584
0 0.1 0
255 255 255 255
0.983887 0.633789
0 0 0 0
1 0 0 0
-931.7731 143.976 86.18758
-0.1 0 0
255 255 255 255
0.969727 0.927246
0 0 0 0
1 0 0 0
-931.7731 252.0964 86.18758
-0.1 0 0
255 255 255 255
0.969727 0.916504
0 0 0 0
1 0 0 0
-931.7731 143.976 -29.47116
-0.1 0 0
255 255 255 255
0.955566 0.927246
0 0 0 0
1 0 0 0
-931.7731 252.0964 -29.47116
-0.1 0 0
255 255 255 255
0.955566 0.916504
0 0 0 0
1 0 0 0
-931.7731 143.976 -29.47116
0 0 -0.1
255 255 255 255
0.858887 0.906738
0 0 0 0
1 0 0 0
-931.7731 252.0964 -29.47116
0 0 -0.1
255 255 255 255
0.858887 0.895508
0 0 0 0
1 0 0 0
-778.1772 143.976 -29.47116
0 0 -0.1
255 255 255 255
0.840332 0.906738
0 0 0 0
1 0 0 0
-778.1772 252.0964 -29.47116
0 0 -0.1
255 255 255 255
0.840332 0.895508
0 0 0 0
1 0 0 0
-778.1772 143.976 -29.47116
0.1 0 0
255 255 255 255
0.598145 0.789062
0 0 0 0
1 0 0 0
-778.1772 252.0964 -29.47116
0.1 0 0
255 255 255 255
0.598145 0.777832
0 0 0 0
1 0 0 0
-778.1772 143.976 86.18758
0.1 0 0
255 255 255 255
0.583984 0.789062
0 0 0 0
1 0 0 0
-778.1772 252.0964 86.18758
0.1 0 0
255 255 255 255
0.583984 0.777832
0 0 0 0
1 0 0 0
-778.1772 143.976 86.18758
0 0 0.1
255 255 255 255
0.795898 0.649414
0 0 0 0
1 0 0 0
-778.1772 252.0964 86.18758
0 0 0.1
255 255 255 255
0.795898 0.638184
0 0 0 0
1 0 0 0
-931.7731 143.976 86.18758
0 0 0.1
255 255 255 255
0.777344 0.649414
0 0 0 0
1 0 0 0
-931.7731 252.0964 86.18758
0 0 0.1
255 255 255 255
0.777344 0.638184
0 0 0 0
1 0 0 0
-929.6419 150.166 -447.6501
0 0.1 0
255 255 255 255
0.505371 0.728027
0 0 0 0
1 0 0 0
-929.6419 150.166 86.18758
0 0.1 0
255 255 255 255
0.505371 0.79248
0 0 0 0
1 0 0 0
-331.9247 150.166 -447.6501
0 0.1 0
255 255 255 255
0.577148 0.728027
0 0 0 0
1 0 0 0
-331.9247 150.166 86.18758
0 0.1 0
255 255 255 255
0.577148 0.79248
0 0 0 0
1 0 0 0
-929.6419 -419.1093 86.18758
-0.1 0 0
255 255 255 255
0.569336 0.638184
0 0 0 0
1 0 0 0
-929.6419 150.166 86.18758
-0.1 0 0
255 255 255 255
0.569336 0.57959
0 0 0 0
1 0 0 0
-929.6419 -419.1093 -447.6501
-0.1 0 0
255 255 255 255
0.505371 0.638184
0 0 0 0
1 0 0 0
-929.6419 150.166 -447.6501
-0.1 0 0
255 255 255 255
0.505371 0.57959
0 0 0 0
1 0 0 0
-929.6419 -419.1093 -447.6501
0 0 -0.1
255 255 255 255
0.82666 0.825684
0 0 0 0
1 0 0 0
-929.6419 150.166 -447.6501
0 0 -0.1
255 255 255 255
0.82666 0.76709
0 0 0 0
1 0 0 0
-331.9247 -419.1093 -447.6501
0 0 -0.1
255 255 255 255
0.754395 0.825684
0 0 0 0
1 0 0 0
-331.9247 150.166 -447.6501
0 0 -0.1
255 255 255 255
0.754395 0.76709
0 0 0 0
1 0 0 0
-331.9247 -419.1093 -447.6501
0.1 0 0
255 255 255 255
0.669434 0.652832
0 0 0 0
1 0 0 0
-331.9247 150.166 -447.6501
0.1 0 0
255 255 255 255
0.669434 0.594238
0 0 0 0
1 0 0 0
-331.9247 -419.1093 86.18761
0.1 0 0
255 255 255 255
0.605469 0.652832
0 0 0 0
1 0 0 0
-331.9247 150.166 86.18758
0.1 0 0
255 255 255 255
0.605469 0.594238
0 0 0 0
1 0 0 0
-331.9247 -419.1093 86.18761
0 0 0.1
255 255 255 255
0.958496 0.889648
0 0 0 0
1 0 0 0
-331.9247 150.166 86.18758
0 0 0.1
255 255 255 255
0.958496 0.830566
0 0 0 0
1 0 0 0
-929.6419 -419.1093 86.18758
0 0 0.1
255 255 255 255
0.886719 0.889648
0 0 0 0
1 0 0 0
-929.6419 150.166 86.18758
0 0 0.1
255 255 255 255
0.886719 0.830566
0 0 0 0
1 0 0 0
-1054.227 -418.0587 -558.3123
0 0.1 0
255 255 255 255
0.505371 0.889648
0 0 0 0
1 0 0 0
-1054.227 -418.0587 247.2662
0 0.1 0
255 255 255 255
0.602051 0.889648
0 0 0 0
1 0 0 0
-272.5858 -418.0587 -558.3123
0 0.1 0
255 255 255 255
0.505371 0.79541
0 0 0 0
1 0 0 0
-272.5858 -418.0587 247.2662
0 0.1 0
255 255 255 255
0.602051 0.79541
0 0 0 0
1 0 0 0
-1054.227 -806.8448 247.2662
-0.1 0 0
255 255 255 255
0.834473 0.763672
0 0 0 0
1 0 0 0
-1054.227 -418.0587 247.2662
-0.1 0 0
255 255 255 255
0.834473 0.723633
0 0 0 0
1 0 0 0
-1054.227 -806.8448 -558.3123
-0.1 0 0
255 255 255 255
0.737305 0.763672
0 0 0 0
1 0 0 0
-1054.227 -418.0587 -558.3123
-0.1 0 0
255 255 255 255
0.737305 0.723633
0 0 0 0
1 0 0 0
-1054.227 -806.8448 -558.3123
0 0 -0.1
255 255 255 255
0.599121 0.681641
0 0 0 0
1 0 0 0
-1054.227 -418.0587 -558.3123
0 0 -0.1
255 255 255 255
0.599121 0.641602
0 0 0 0
1 0 0 0
-272.5858 -806.8448 -558.3123
0 0 -0.1
255 255 255 255
0.505371 0.681641
0 0 0 0
1 0 0 0
-272.5858 -418.0587 -558.3123
0 0 -0.1
255 255 255 255
0.505371 0.641602
0 0 0 0
1 0 0 0
-272.5858 -806.8448 -558.3123
0.1 0 0
255 255 255 255
0.602051 0.725098
0 0 0 0
1 0 0 0
-272.5858 -418.0587 -558.3123
0.1 0 0
255 255 255 255
0.602051 0.685059
0 0 0 0
1 0 0 0
-272.5858 -806.8448 247.2663
0.1 0 0
255 255 255 255
0.505371 0.725098
0 0 0 0
1 0 0 0
-272.5858 -418.0587 247.2662
0.1 0 0
255 255 255 255
0.505371 0.685059
0 0 0 0
1 0 0 0
-272.5858 -806.8448 247.2663
0 0 0.1
255 255 255 255
0.774414 0.677246
0 0 0 0
1 0 0 0
-272.5858 -418.0587 247.2662
0 0 0.1
255 255 255 255
0.774414 0.636719
0 0 0 0
1 0 0 0
-1054.227 -806.8448 247.2662
0 0 0.1
255 255 255 255
0.680176 0.677246
0 0 0 0
1 0 0 0
-1054.227 -418.0587 247.2662
0 0 0.1
255 255 255 255
0.680176 0.636719
0 0 0 0
1 0 0 0
1099.31 631.1589 -502.5729
-0.0500001 0 -0.08660249
255 255 255 255
0.881348 0.651367
0 0 0 0
1 0 0 0
1099.31 898.5095 -502.5729
-0.0500001 0 -0.08660249
255 255 255 255
0.853516 0.651367
0 0 0 0
1 0 0 0
1134.36 631.1589 -522.8088
-0.0500001 0 -0.08660249
255 255 255 255
0.881348 0.65625
0 0 0 0
1 0 0 0
1134.36 898.5095 -522.8088
-0.0500001 0 -0.08660249
255 255 255 255
0.853516 0.65625
0 0 0 0
1 0 0 0
1134.36 631.1589 -522.8088
0.0500001 0 -0.08660249
255 255 255 255
0.989258 0.86377
0 0 0 0
1 0 0 0
1134.36 898.5095 -522.8088
0.05000022 0 -0.08660242
255 255 255 255
0.961914 0.86377
0 0 0 0
1 0 0 0
1169.409 631.1589 -502.573
0.05000022 0 -0.08660242
255 255 255 255
0.989258 0.868652
0 0 0 0
1 0 0 0
1169.409 898.5095 -502.5729
0.05000029 0 -0.08660238
255 255 255 255
0.961914 0.868652
0 0 0 0
1 0 0 0
1169.409 631.1589 -502.573
0.1 0 0
255 255 255 255
0.895996 0.585449
0 0 0 0
1 0 0 0
1169.409 898.5095 -502.5729
0.1 0 0
255 255 255 255
0.868652 0.585449
0 0 0 0
1 0 0 0
1169.409 631.1589 -462.1014
0.1 0 0
255 255 255 255
0.895996 0.590332
0 0 0 0
1 0 0 0
1169.409 898.5095 -462.1014
0.1 0 0
255 255 255 255
0.868652 0.590332
0 0 0 0
1 0 0 0
867.3115 631.1589 -462.1014
0.05000002 0 0.08660253
255 255 255 255
0.945313 0.575195
0 0 0 0
1 0 0 0
867.3115 898.5095 -462.1014
0.0500001 0 0.08660249
255 255 255 255
0.917969 0.575195
0 0 0 0
1 0 0 0
832.2621 631.1589 -441.8657
0.0500001 0 0.08660249
255 255 255 255
0.945313 0.580078
0 0 0 0
1 0 0 0
832.2621 898.5095 -441.8656
0.0500001 0 0.08660249
255 255 255 255
0.917969 0.580078
0 0 0 0
1 0 0 0
832.2621 631.1589 -441.8657
-0.0499999 0 0.0866026
255 255 255 255
0.775391 0.538086
0 0 0 0
1 0 0 0
832.2621 898.5095 -441.8656
-0.04999998 0 0.08660256
255 255 255 255
0.747559 0.538086
0 0 0 0
1 0 0 0
797.2127 631.1589 -462.1014
-0.04999998 0 0.08660256
255 255 255 255
0.775391 0.54248
0 0 0 0
1 0 0 0
797.2127 898.5095 -462.1014
-0.05000002 0 0.08660253
255 255 255 255
0.747559 0.54248
0 0 0 0
1 0 0 0
797.2127 631.1589 -462.1014
-0.1 0 0
255 255 255 255
0.949219 0.728516
0 0 0 0
1 0 0 0
797.2127 898.5095 -462.1014
-0.1 0 0
255 255 255 255
0.921875 0.728516
0 0 0 0
1 0 0 0
797.2127 631.1589 -502.5729
-0.1 0 0
255 255 255 255
0.949219 0.733398
0 0 0 0
1 0 0 0
797.2127 898.5095 -502.5729
-0.1 0 0
255 255 255 255
0.921875 0.733398
0 0 0 0
1 0 0 0
797.2127 631.1589 -502.5729
-0.05000022 0 -0.08660242
255 255 255 255
0.814453 0.89502
0 0 0 0
1 0 0 0
797.2127 898.5095 -502.5729
-0.05000022 0 -0.08660242
255 255 255 255
0.786621 0.89502
0 0 0 0
1 0 0 0
832.2621 631.1589 -522.8088
-0.05000022 0 -0.08660242
255 255 255 255
0.814453 0.899902
0 0 0 0
1 0 0 0
832.2621 898.5095 -522.8088
-0.05000022 0 -0.08660242
255 255 255 255
0.786621 0.899902
0 0 0 0
1 0 0 0
832.2621 631.1589 -522.8088
0.0500001 0 -0.08660249
255 255 255 255
0.812988 0.830078
0 0 0 0
1 0 0 0
832.2621 898.5095 -522.8088
0.05000022 0 -0.08660242
255 255 255 255
0.785156 0.830078
0 0 0 0
1 0 0 0
867.3115 631.1589 -502.573
0.05000022 0 -0.08660242
255 255 255 255
0.812988 0.834961
0 0 0 0
1 0 0 0
867.3115 898.5095 -502.5729
0.05000029 0 -0.08660238
255 255 255 255
0.785156 0.834961
0 0 0 0
1 0 0 0
867.3115 631.1589 -502.573
0.1 0 0
255 255 255 255
0.734863 0.893066
0 0 0 0
1 0 0 0
867.3115 898.5095 -502.5729
0.1 0 0
255 255 255 255
0.707031 0.893066
0 0 0 0
1 0 0 0
867.3115 631.1589 -462.1014
0.1 0 0
255 255 255 255
0.734863 0.897949
0 0 0 0
1 0 0 0
867.3115 898.5095 -462.1014
0.1 0 0
255 255 255 255
0.707031 0.897949
0 0 0 0
1 0 0 0
867.3115 631.1589 -155.4667
0.0500001 0 0.08660249
255 255 255 255
0.702637 0.892578
0 0 0 0
1 0 0 0
867.3115 898.5095 -155.4666
0.0500001 0 0.08660249
255 255 255 255
0.674805 0.892578
0 0 0 0
1 0 0 0
832.2621 631.1589 -135.2309
0.0500001 0 0.08660249
255 255 255 255
0.702637 0.897461
0 0 0 0
1 0 0 0
832.2621 898.5095 -135.2309
0.05000002 0 0.08660253
255 255 255 255
0.674805 0.897461
0 0 0 0
1 0 0 0
832.2621 631.1589 -135.2309
-0.0499999 0 0.0866026
255 255 255 255
0.987305 0.672363
0 0 0 0
1 0 0 0
832.2621 898.5095 -135.2309
-0.0499999 0 0.0866026
255 255 255 255
0.959473 0.672363
0 0 0 0
1 0 0 0
797.2127 631.1589 -155.4666
-0.0499999 0 0.0866026
255 255 255 255
0.987305 0.677246
0 0 0 0
1 0 0 0
797.2127 898.5095 -155.4666
-0.0499999 0 0.0866026
255 255 255 255
0.959473 0.677246
0 0 0 0
1 0 0 0
797.2127 631.1589 -155.4666
-0.1 0 0
255 255 255 255
0.877441 0.687988
0 0 0 0
1 0 0 0
797.2127 898.5095 -155.4666
-0.1 0 0
255 255 255 255
0.850098 0.687988
0 0 0 0
1 0 0 0
797.2127 631.1589 -195.9382
-0.1 0 0
255 255 255 255
0.877441 0.692871
0 0 0 0
1 0 0 0
797.2127 898.5095 -195.9382
-0.1 0 0
255 255 255 255
0.850098 0.692871
0 0 0 0
1 0 0 0
797.2127 631.1589 -195.9382
-0.04999998 0 -0.08660256
255 255 255 255
0.889648 0.901855
0 0 0 0
1 0 0 0
797.2127 898.5095 -195.9382
-0.0499999 0 -0.0866026
255 255 255 255
0.861816 0.901855
0 0 0 0
1 0 0 0
832.2621 631.1589 -216.174
-0.0499999 0 -0.0866026
255 255 255 255
0.889648 0.906738
0 0 0 0
1 0 0 0
832.2621 898.5095 -216.1739
-0.0499999 0 -0.0866026
255 255 255 255
0.861816 0.906738
0 0 0 0
1 0 0 0
832.2621 631.1589 -216.174
0.0500001 0 -0.08660249
255 255 255 255
0.979004 0.704102
0 0 0 0
1 0 0 0
832.2621 898.5095 -216.1739
0.05000002 0 -0.08660253
255 255 255 255
0.95166 0.704102
0 0 0 0
1 0 0 0
867.3115 631.1589 -195.9382
0.05000002 0 -0.08660253
255 255 255 255
0.979004 0.708984
0 0 0 0
1 0 0 0
867.3115 898.5095 -195.9382
0.05000002 0 -0.08660253
255 255 255 255
0.95166 0.708984
0 0 0 0
1 0 0 0
867.3115 631.1589 -195.9382
0.1 0 0
255 255 255 255
0.782227 0.830078
0 0 0 0
1 0 0 0
867.3115 898.5095 -195.9382
0.1 0 0
255 255 255 255
0.754395 0.830078
0 0 0 0
1 0 0 0
867.3115 631.1589 -155.4667
0.1 0 0
255 255 255 255
0.782227 0.834961
0 0 0 0
1 0 0 0
867.3115 898.5095 -155.4666
0.1 0 0
255 255 255 255
0.754395 0.834961
0 0 0 0
1 0 0 0
769.6838 353.4085 -539.9343
0 -0.01992602 -0.09799466
255 255 255 255
0.663574 0.933594
0 0 0 0
1 0 0 0
1198.674 353.4085 -539.9343
0 -0.03985204 -0.09171595
255 255 255 255
0.663574 0.984863
0 0 0 0
1 0 0 0
1198.674 353.4085 -539.9343
0.09799466 -0.01992602 0
255 255 255 255
0.812988 0.935059
0 0 0 0
1 0 0 0
1198.674 353.4085 -125.2907
0.09171591 -0.03985212 0
255 255 255 255
0.812988 0.984863
0 0 0 0
1 0 0 0
1198.674 353.4085 -125.2907
0 -0.01992602 0.09799466
255 255 255 255
0.631348 0.833496
0 0 0 0
1 0 0 0
769.6838 353.4085 -125.2907
0 -0.03985195 0.09171598
255 255 255 255
0.631348 0.884766
0 0 0 0
1 0 0 0
769.6838 -806.8934 -125.2907
-0.1 0 0
255 255 255 255
0.751465 0.771484
0 0 0 0
1 0 0 0
769.6838 -806.8934 -539.9343
-0.1 0 0
255 255 255 255
0.751465 0.821289
0 0 0 0
1 0 0 0
769.6838 -806.8934 -539.9343
0 0 -0.1
255 255 255 255
0.783691 0.933594
0 0 0 0
1 0 0 0
1198.674 -806.8934 -539.9343
0 0 -0.1
255 255 255 255
0.783691 0.984863
0 0 0 0
1 0 0 0
1198.674 -806.8934 -539.9343
0.1 0 0
255 255 255 255
0.932617 0.935059
0 0 0 0
1 0 0 0
1198.674 -806.8934 -125.2907
0.1 0 0
255 255 255 255
0.932617 0.984863
0 0 0 0
1 0 0 0
1198.674 -806.8934 -125.2907
0 0 0.1
255 255 255 255
0.751465 0.833496
0 0 0 0
1 0 0 0
769.6838 -806.8934 -125.2907
0 0 0.1
255 255 255 255
0.751465 0.884766
0 0 0 0
1 0 0 0
1190.395 608.0566 -133.5689
0 0.1 0
255 255 255 255
0.985352 0.989746
0 0 0 0
1 0 0 0
1190.395 608.0566 -531.6561
0 0.1 0
255 255 255 255
0.985352 0.941895
0 0 0 0
1 0 0 0
777.962 608.0566 -133.5689
0 0.1 0
255 255 255 255
0.936035 0.989746
0 0 0 0
1 0 0 0
777.962 608.0566 -531.6561
0 0.1 0
255 255 255 255
0.936035 0.941895
0 0 0 0
1 0 0 0
116.59 -418.0587 -558.3123
0 0.1 0
255 255 255 255
0.505371 0.892578
0 0 0 0
1 0 0 0
116.59 -418.0587 247.2662
0 0.1 0
255 255 255 255
0.505371 0.989746
0 0 0 0
1 0 0 0
1188.961 -418.0587 -558.3123
0 0.1 0
255 255 255 255
0.634277 0.892578
0 0 0 0
1 0 0 0
1188.961 -418.0587 247.2662
0 0.1 0
255 255 255 255
0.634277 0.989746
0 0 0 0
1 0 0 0
116.59 -806.8448 247.2663
-0.1 0 0
255 255 255 255
0.926758 0.825684
0 0 0 0
1 0 0 0
116.59 -418.0587 247.2662
-0.1 0 0
255 255 255 255
0.926758 0.785645
0 0 0 0
1 0 0 0
116.59 -806.8448 -558.3123
-0.1 0 0
255 255 255 255
0.82959 0.825684
0 0 0 0
1 0 0 0
116.59 -418.0587 -558.3123
-0.1 0 0
255 255 255 255
0.82959 0.785645
0 0 0 0
1 0 0 0
116.59 -806.8448 -558.3123
0 0 -0.1
255 255 255 255
0.734375 0.763672
0 0 0 0
1 0 0 0
116.59 -418.0587 -558.3123
0 0 -0.1
255 255 255 255
0.734375 0.723633
0 0 0 0
1 0 0 0
1188.961 -806.8448 -558.3123
0 0 -0.1
255 255 255 255
0.605469 0.763672
0 0 0 0
1 0 0 0
1188.961 -418.0587 -558.3123
0 0 -0.1
255 255 255 255
0.605469 0.723633
0 0 0 0
1 0 0 0
1188.961 -806.8448 -558.3123
0.1 0 0
255 255 255 255
0.777344 0.720215
0 0 0 0
1 0 0 0
1188.961 -418.0587 -558.3123
0.1 0 0
255 255 255 255
0.777344 0.680176
0 0 0 0
1 0 0 0
1188.961 -806.8448 247.2663
0.1 0 0
255 255 255 255
0.680176 0.720215
0 0 0 0
1 0 0 0
1188.961 -418.0587 247.2662
0.1 0 0
255 255 255 255
0.680176 0.680176
0 0 0 0
1 0 0 0
1188.961 -806.8448 247.2663
0 0 0.1
255 255 255 255
0.883789 0.889648
0 0 0 0
1 0 0 0
1188.961 -418.0587 247.2662
0 0 0.1
255 255 255 255
0.883789 0.849121
0 0 0 0
1 0 0 0
116.59 -806.8448 247.2663
0 0 0.1
255 255 255 255
0.754395 0.889648
0 0 0 0
1 0 0 0
116.59 -418.0587 247.2662
0 0 0.1
255 255 255 255
0.754395 0.849121
0 0 0 0
1 0 0 0
719.9834 -311.2404 -93.08064
-0.0067368 0.0634452 0.07700209
255 255 255 255
0.990234 0.927246
0 0 0 0
1 0 0 0
694.1105 -266.3117 -132.3629
-0.0067368 0.0634452 0.07700209
255 255 255 255
0.986816 0.920898
0 0 0 0
1 0 0 0
574.6668 -311.2404 -105.7942
-0.0067368 0.0634452 0.07700209
255 255 255 255
0.972656 0.927246
0 0 0 0
1 0 0 0
606.968 -266.3117 -139.9868
-0.0067368 0.0634452 0.07700209
255 255 255 255
0.976074 0.920898
0 0 0 0
1 0 0 0
574.6668 -311.2404 -105.7942
-0.08352994 0.05449166 -0.007307995
255 255 255 255
0.987793 0.742676
0 0 0 0
1 0 0 0
606.968 -266.3117 -139.9868
-0.08352999 0.05449159 -0.007308
255 255 255 255
0.983398 0.736816
0 0 0 0
1 0 0 0
590.2906 -311.2404 -284.3738
-0.08352999 0.05449159 -0.007308
255 255 255 255
0.96582 0.742676
0 0 0 0
1 0 0 0
616.1635 -266.3117 -245.0916
-0.08352999 0.05449159 -0.007308
255 255 255 255
0.970215 0.736816
0 0 0 0
1 0 0 0
590.2906 -311.2404 -284.3738
0.0067368 0.0634452 -0.07700209
255 255 255 255
0.901855 0.646484
0 0 0 0
1 0 0 0
616.1635 -266.3117 -245.0916
0.0067368 0.0634452 -0.07700209
255 255 255 255
0.898438 0.640137
0 0 0 0
1 0 0 0
735.6072 -311.2404 -271.6603
0.0067368 0.0634452 -0.07700209
255 255 255 255
0.884766 0.646484
0 0 0 0
1 0 0 0
703.306 -266.3117 -237.4676
0.0067368 0.0634452 -0.07700209
255 255 255 255
0.888184 0.640137
0 0 0 0
1 0 0 0
735.6072 -311.2404 -271.6603
0.08352992 0.05449171 0.007308002
255 255 255 255
0.878906 0.846191
0 0 0 0
1 0 0 0
703.306 -266.3117 -237.4676
0.08352994 0.05449166 0.007307995
255 255 255 255
0.874512 0.840332
0 0 0 0
1 0 0 0
719.9834 -311.2404 -93.08064
0.08352994 0.05449166 0.007307995
255 255 255 255
0.857422 0.846191
0 0 0 0
1 0 0 0
694.1105 -266.3117 -132.3629
0.08352999 0.05449159 0.007308
255 255 255 255
0.861816 0.840332
0 0 0 0
1 0 0 0
705.3663 -313.7804 -99.33262
0.009961571 -0.09811314 0.01657043
255 255 255 255
0.581055 0.776855
0 0 0 0
1 0 0 0
719.9834 -311.2404 -93.08064
0.002936219 -0.09481224 0.03165464
255 255 255 255
0.580078 0.774902
0 0 0 0
1 0 0 0
590.1476 -313.7804 -109.413
-0.008388359 -0.09481224 0.0306639
255 255 255 255
0.581055 0.790527
0 0 0 0
1 0 0 0
574.6668 -311.2404 -105.7942
-0.01268759 -0.09811317 0.01458875
255 255 255 255
0.580078 0.79248
0 0 0 0
1 0 0 0
603.5345 -313.7804 -262.4244
-0.01070901 -0.09929766 -0.005029222
255 255 255 255
0.599121 0.790527
0 0 0 0
1 0 0 0
590.2906 -311.2404 -284.3738
-0.004821545 -0.09951223 -0.008606399
255 255 255 255
0.602051 0.79248
0 0 0 0
1 0 0 0
718.7531 -313.7804 -252.3441
0.006242749 -0.09951223 -0.007638433
255 255 255 255
0.599121 0.776855
0 0 0 0
1 0 0 0
735.6072 -311.2404 -271.6603
0.01141966 -0.09929765 -0.003093189
255 255 255 255
0.602051 0.774902
0 0 0 0
1 0 0 0
606.968 -266.3117 -139.9868
0 0.1 0
255 255 255 255
0.580078 0.76123
0 0 0 0
1 0 0 0
694.1105 -266.3117 -132.3629
0 0.1 0
255 255 255 255
0.580078 0.771484
0 0 0 0
1 0 0 0
616.1635 -266.3117 -245.0916
0 0.1 0
255 255 255 255
0.592773 0.76123
0 0 0 0
1 0 0 0
703.306 -266.3117 -237.4676
0 0.1 0
255 255 255 255
0.592773 0.771484
0 0 0 0
1 0 0 0
705.3663 -421.9008 -99.33262
-0.008715597 0 0.09961947
255 255 255 255
0.895996 0.699707
0 0 0 0
1 0 0 0
705.3663 -313.7804 -99.33262
-0.008715597 0 0.09961947
255 255 255 255
0.895996 0.688477
0 0 0 0
1 0 0 0
590.1476 -421.9008 -109.413
-0.008715597 0 0.09961947
255 255 255 255
0.881836 0.699707
0 0 0 0
1 0 0 0
590.1476 -313.7804 -109.413
-0.008715597 0 0.09961947
255 255 255 255
0.881836 0.688477
0 0 0 0
1 0 0 0
590.1476 -421.9008 -109.413
-0.09961947 0 -0.008715597
255 255 255 255
0.855957 0.73584
0 0 0 0
1 0 0 0
590.1476 -313.7804 -109.413
-0.09961947 0 -0.008715597
255 255 255 255
0.855957 0.725098
0 0 0 0
1 0 0 0
603.5345 -421.9008 -262.4244
-0.09961947 0 -0.008715597
255 255 255 255
0.837402 0.73584
0 0 0 0
1 0 0 0
603.5345 -313.7804 -262.4244
-0.09961947 0 -0.008715597
255 255 255 255
0.837402 0.725098
0 0 0 0
1 0 0 0
603.5345 -421.9008 -262.4244
0.008715597 0 -0.09961947
255 255 255 255
0.979492 0.88623
0 0 0 0
1 0 0 0
603.5345 -313.7804 -262.4244
0.008715597 0 -0.09961947
255 255 255 255
0.979492 0.875
0 0 0 0
1 0 0 0
718.7531 -421.9008 -252.3441
0.008715597 0 -0.09961947
255 255 255 255
0.965332 0.88623
0 0 0 0
1 0 0 0
718.7531 -313.7804 -252.3441
0.008715597 0 -0.09961947
255 255 255 255
0.965332 0.875
0 0 0 0
1 0 0 0
718.7531 -421.9008 -252.3441
0.09961947 0 0.008715597
255 255 255 255
0.84668 0.692871
0 0 0 0
1 0 0 0
718.7531 -313.7804 -252.3441
0.09961947 0 0.008715597
255 255 255 255
0.84668 0.681641
0 0 0 0
1 0 0 0
705.3663 -421.9008 -99.33262
0.09961947 0 0.008715597
255 255 255 255
0.828125 0.692871
0 0 0 0
1 0 0 0
705.3663 -313.7804 -99.33262
0.09961947 0 0.008715597
255 255 255 255
0.828125 0.681641
0 0 0 0
1 0 0 0
998.845 -311.2404 211.818
-0.07729622 0.06344522 0
255 255 255 255
0.990234 0.927246
0 0 0 0
1 0 0 0
1035.723 -266.3117 182.6198
-0.07729622 0.06344522 0
255 255 255 255
0.986816 0.920898
0 0 0 0
1 0 0 0
998.845 -311.2404 65.94634
-0.07729622 0.06344522 0
255 255 255 255
0.972656 0.927246
0 0 0 0
1 0 0 0
1035.723 -266.3117 95.14446
-0.07729622 0.06344522 0
255 255 255 255
0.976074 0.920898
0 0 0 0
1 0 0 0
998.845 -311.2404 65.94634
0 0.05449158 -0.08384907
255 255 255 255
0.987793 0.742676
0 0 0 0
1 0 0 0
1035.723 -266.3117 95.14446
0 0.05449158 -0.08384907
255 255 255 255
0.983398 0.736816
0 0 0 0
1 0 0 0
1178.107 -311.2404 65.94634
0 0.05449158 -0.08384907
255 255 255 255
0.96582 0.742676
0 0 0 0
1 0 0 0
1141.229 -266.3117 95.14446
0 0.05449158 -0.08384907
255 255 255 255
0.970215 0.736816
0 0 0 0
1 0 0 0
1178.107 -311.2404 65.94634
0.07729607 0.06344538 0
255 255 255 255
0.901855 0.646484
0 0 0 0
1 0 0 0
1141.229 -266.3117 95.14446
0.07729607 0.06344538 0
255 255 255 255
0.898438 0.640137
0 0 0 0
1 0 0 0
1178.107 -311.2404 211.818
0.07729607 0.06344538 0
255 255 255 255
0.884766 0.646484
0 0 0 0
1 0 0 0
1141.229 -266.3117 182.6198
0.07729607 0.06344538 0
255 255 255 255
0.888184 0.640137
0 0 0 0
1 0 0 0
1178.107 -311.2404 211.818
0 0.05449163 0.08384905
255 255 255 255
0.878906 0.846191
0 0 0 0
1 0 0 0
1141.229 -266.3117 182.6198
0 0.0544917 0.08384901
255 255 255 255
0.874512 0.840332
0 0 0 0
1 0 0 0
998.845 -311.2404 211.818
0 0.0544917 0.08384901
255 255 255 255
0.857422 0.846191
0 0 0 0
1 0 0 0
1035.723 -266.3117 182.6198
0 0.0544917 0.08384901
255 255 255 255
0.861816 0.840332
0 0 0 0
1 0 0 0
1003.799 -313.7804 196.7115
-0.01563923 -0.09811313 0.01136787
255 255 255 255
0.581055 0.776855
0 0 0 0
1 0 0 0
998.845 -311.2404 211.818
-0.03127848 -0.09481218 0.005683939
255 255 255 255
0.580078 0.774902
0 0 0 0
1 0 0 0
1003.799 -313.7804 81.05285
-0.03127848 -0.09481218 -0.005683939
255 255 255 255
0.581055 0.790527
0 0 0 0
1 0 0 0
998.845 -311.2404 65.94634
-0.01563923 -0.09811313 -0.01136787
255 255 255 255
0.580078 0.79248
0 0 0 0
1 0 0 0
1157.395 -313.7804 81.05285
0.004076729 -0.09929766 -0.01110659
255 255 255 255
0.599121 0.790527
0 0 0 0
1 0 0 0
1178.107 -311.2404 65.94634
0.008153463 -0.09951222 -0.005553296
255 255 255 255
0.602051 0.79248
0 0 0 0
1 0 0 0
1157.395 -313.7804 196.7115
0.008153463 -0.09951222 0.005553296
255 255 255 255
0.599121 0.776855
0 0 0 0
1 0 0 0
1178.107 -311.2404 211.818
0.004076729 -0.09929766 0.01110659
255 255 255 255
0.602051 0.774902
0 0 0 0
1 0 0 0
1035.723 -266.3117 95.14446
0 0.1 0
255 255 255 255
0.580078 0.76123
0 0 0 0
1 0 0 0
1035.723 -266.3117 182.6198
0 0.1 0
255 255 255 255
0.580078 0.771484
0 0 0 0
1 0 0 0
1141.229 -266.3117 95.14446
0 0.1 0
255 255 255 255
0.592773 0.76123
0 0 0 0
1 0 0 0
1141.229 -266.3117 182.6198
0 0.1 0
255 255 255 255
0.592773 0.771484
0 0 0 0
1 0 0 0
1003.799 -421.9008 196.7115
-0.1 0 0
255 255 255 255
0.895996 0.699707
0 0 0 0
1 0 0 0
1003.799 -313.7804 196.7115
-0.1 0 0
255 255 255 255
0.895996 0.688477
0 0 0 0
1 0 0 0
1003.799 -421.9008 81.05285
-0.1 0 0
255 255 255 255
0.881836 0.699707
0 0 0 0
1 0 0 0
1003.799 -313.7804 81.05285
-0.1 0 0
255 255 255 255
0.881836 0.688477
0 0 0 0
1 0 0 0
1003.799 -421.9008 81.05285
0 0 -0.1
255 255 255 255
0.855957 0.73584
0 0 0 0
1 0 0 0
1003.799 -313.7804 81.05285
0 0 -0.1
255 255 255 255
0.855957 0.725098
0 0 0 0
1 0 0 0
1157.395 -421.9008 81.05285
0 0 -0.1
255 255 255 255
0.837402 0.73584
0 0 0 0
1 0 0 0
1157.395 -313.7804 81.05285
0 0 -0.1
255 255 255 255
0.837402 0.725098
0 0 0 0
1 0 0 0
1157.395 -421.9008 81.05285
0.1 0 0
255 255 255 255
0.979492 0.88623
0 0 0 0
1 0 0 0
1157.395 -313.7804 81.05285
0.1 0 0
255 255 255 255
0.979492 0.875
0 0 0 0
1 0 0 0
1157.395 -421.9008 196.7115
0.1 0 0
255 255 255 255
0.965332 0.88623
0 0 0 0
1 0 0 0
1157.395 -313.7804 196.7115
0.1 0 0
255 255 255 255
0.965332 0.875
0 0 0 0
1 0 0 0
1157.395 -421.9008 196.7115
0 0 0.1
255 255 255 255
0.84668 0.692871
0 0 0 0
1 0 0 0
1157.395 -313.7804 196.7115
0 0 0.1
255 255 255 255
0.84668 0.681641
0 0 0 0
1 0 0 0
1003.799 -421.9008 196.7115
0 0 0.1
255 255 255 255
0.828125 0.692871
0 0 0 0
1 0 0 0
1003.799 -313.7804 196.7115
0 0 0.1
255 255 255 255
0.828125 0.681641
0 0 0 0
1 0 0 0
344.1796 254.6364 -289.1728
-0.07729625 0.06344517 0
255 255 255 255
0.990234 0.927246
0 0 0 0
1 0 0 0
381.0573 299.5651 -318.3709
-0.07729625 0.06344517 0
255 255 255 255
0.986816 0.920898
0 0 0 0
1 0 0 0
344.1796 254.6364 -435.0444
-0.07729625 0.06344517 0
255 255 255 255
0.972656 0.927246
0 0 0 0
1 0 0 0
381.0573 299.5651 -405.8463
-0.07729625 0.06344517 0
255 255 255 255
0.976074 0.920898
0 0 0 0
1 0 0 0
344.1796 254.6364 -435.0444
0 0.05449152 -0.08384912
255 255 255 255
0.987793 0.742676
0 0 0 0
1 0 0 0
381.0573 299.5651 -405.8463
0 0.05449152 -0.08384912
255 255 255 255
0.983398 0.736816
0 0 0 0
1 0 0 0
523.4413 254.6364 -435.0444
0 0.05449152 -0.08384912
255 255 255 255
0.96582 0.742676
0 0 0 0
1 0 0 0
486.5636 299.5651 -405.8463
0 0.05449152 -0.08384912
255 255 255 255
0.970215 0.736816
0 0 0 0
1 0 0 0
523.4413 254.6364 -435.0444
0.07729625 0.06344517 0
255 255 255 255
0.901855 0.646484
0 0 0 0
1 0 0 0
486.5636 299.5651 -405.8463
0.07729625 0.06344517 0
255 255 255 255
0.898438 0.640137
0 0 0 0
1 0 0 0
523.4413 254.6364 -289.1727
0.07729625 0.06344517 0
255 255 255 255
0.884766 0.646484
0 0 0 0
1 0 0 0
486.5636 299.5651 -318.3709
0.07729625 0.06344517 0
255 255 255 255
0.888184 0.640137
0 0 0 0
1 0 0 0
523.4413 254.6364 -289.1727
0 0.05449163 0.08384905
255 255 255 255
0.878906 0.846191
0 0 0 0
1 0 0 0
486.5636 299.5651 -318.3709
0 0.05449163 0.08384905
255 255 255 255
0.874512 0.840332
0 0 0 0
1 0 0 0
344.1796 254.6364 -289.1728
0 0.05449163 0.08384905
255 255 255 255
0.857422 0.846191
0 0 0 0
1 0 0 0
381.0573 299.5651 -318.3709
0 0.05449158 0.08384907
255 255 255 255
0.861816 0.840332
0 0 0 0
1 0 0 0
349.1338 252.0964 -304.2792
-0.01563902 -0.09811317 0.01136776
255 255 255 255
0.581055 0.776855
0 0 0 0
1 0 0 0
344.1796 254.6364 -289.1728
-0.03127814 -0.0948123 0.005683933
255 255 255 255
0.580078 0.774902
0 0 0 0
1 0 0 0
349.1338 252.0964 -419.938
-0.03127814 -0.0948123 -0.005683933
255 255 255 255
0.581055 0.790527
0 0 0 0
1 0 0 0
344.1796 254.6364 -435.0444
-0.01563902 -0.09811317 -0.01136776
255 255 255 255
0.580078 0.79248
0 0 0 0
1 0 0 0
502.7297 252.0964 -419.938
0.004076729 -0.09929767 -0.01110649
255 255 255 255
0.599121 0.790527
0 0 0 0
1 0 0 0
523.4413 254.6364 -435.0444
0.008153362 -0.09951223 -0.005553297
255 255 255 255
0.602051 0.79248
0 0 0 0
1 0 0 0
502.7297 252.0964 -304.2792
0.008153362 -0.09951223 0.005553297
255 255 255 255
0.599121 0.776855
0 0 0 0
1 0 0 0
523.4413 254.6364 -289.1727
0.004076729 -0.09929767 0.01110649
255 255 255 255
0.602051 0.774902
0 0 0 0
1 0 0 0
381.0573 299.5651 -405.8463
0 0.1 0
255 255 255 255
0.580078 0.76123
0 0 0 0
1 0 0 0
381.0573 299.5651 -318.3709
0 0.1 0
255 255 255 255
0.580078 0.771484
0 0 0 0
1 0 0 0
486.5636 299.5651 -405.8463
0 0.1 0
255 255 255 255
0.592773 0.76123
0 0 0 0
1 0 0 0
486.5636 299.5651 -318.3709
0 0.1 0
255 255 255 255
0.592773 0.771484
0 0 0 0
1 0 0 0
349.1338 143.976 -304.2792
-0.1 0 0
255 255 255 255
0.895996 0.699707
0 0 0 0
1 0 0 0
349.1338 252.0964 -304.2792
-0.1 0 0
255 255 255 255
0.895996 0.688477
0 0 0 0
1 0 0 0
349.1338 143.976 -419.938
-0.1 0 0
255 255 255 255
0.881836 0.699707
0 0 0 0
1 0 0 0
349.1338 252.0964 -419.938
-0.1 0 0
255 255 255 255
0.881836 0.688477
0 0 0 0
1 0 0 0
349.1338 143.976 -419.938
0 0 -0.1
255 255 255 255
0.855957 0.73584
0 0 0 0
1 0 0 0
349.1338 252.0964 -419.938
0 0 -0.1
255 255 255 255
0.855957 0.725098
0 0 0 0
1 0 0 0
502.7297 143.976 -419.938
0 0 -0.1
255 255 255 255
0.837402 0.73584
0 0 0 0
1 0 0 0
502.7297 252.0964 -419.938
0 0 -0.1
255 255 255 255
0.837402 0.725098
0 0 0 0
1 0 0 0
502.7297 143.976 -419.938
0.1 0 0
255 255 255 255
0.979492 0.88623
0 0 0 0
1 0 0 0
502.7297 252.0964 -419.938
0.1 0 0
255 255 255 255
0.979492 0.875
0 0 0 0
1 0 0 0
502.7297 143.976 -304.2792
0.1 0 0
255 255 255 255
0.965332 0.88623
0 0 0 0
1 0 0 0
502.7297 252.0964 -304.2792
0.1 0 0
255 255 255 255
0.965332 0.875
0 0 0 0
1 0 0 0
502.7297 143.976 -304.2792
0 0 0.1
255 255 255 255
0.84668 0.692871
0 0 0 0
1 0 0 0
502.7297 252.0964 -304.2792
0 0 0.1
255 255 255 255
0.84668 0.681641
0 0 0 0
1 0 0 0
349.1338 143.976 -304.2792
0 0 0.1
255 255 255 255
0.828125 0.692871
0 0 0 0
1 0 0 0
349.1338 252.0964 -304.2792
0 0 0.1
255 255 255 255
0.828125 0.681641
0 0 0 0
1 0 0 0
-936.7272 254.6364 -306.8131
-0.07729631 0.06344511 0
255 255 255 255
0.991211 0.938477
0 0 0 0
1 0 0 0
-899.8495 299.5651 -336.0113
-0.07729631 0.06344511 0
255 255 255 255
0.987793 0.932129
0 0 0 0
1 0 0 0
-936.7272 254.6364 -452.6847
-0.07729631 0.06344511 0
255 255 255 255
0.973633 0.938477
0 0 0 0
1 0 0 0
-899.8495 299.5651 -423.4866
-0.07729631 0.06344511 0
255 255 255 255
0.977051 0.932129
0 0 0 0
1 0 0 0
-936.7272 254.6364 -452.6847
0 0.05449152 -0.08384912
255 255 255 255
0.782227 0.904785
0 0 0 0
1 0 0 0
-899.8495 299.5651 -423.4866
0 0.05449152 -0.08384912
255 255 255 255
0.777832 0.898926
0 0 0 0
1 0 0 0
-757.4656 254.6364 -452.6847
0 0.05449152 -0.08384912
255 255 255 255
0.760742 0.904785
0 0 0 0
1 0 0 0
-794.3433 299.5651 -423.4866
0 0.05449152 -0.08384912
255 255 255 255
0.765137 0.898926
0 0 0 0
1 0 0 0
-757.4656 254.6364 -452.6847
0.07729631 0.06344511 0
255 255 255 255
0.576172 0.512207
0 0 0 0
1 0 0 0
-794.3433 299.5651 -423.4866
0.07729631 0.06344511 0
255 255 255 255
0.572754 0.505859
0 0 0 0
1 0 0 0
-757.4656 254.6364 -306.813
0.07729631 0.06344511 0
255 255 255 255
0.558594 0.512207
0 0 0 0
1 0 0 0
-794.3433 299.5651 -336.0112
0.07729631 0.06344511 0
255 255 255 255
0.5625 0.505859
0 0 0 0
1 0 0 0
-38.92682 146.9717 -83.12615
0.05000002 -2.000001E-07 0.08660253
255 255 255 255
0.800781 0.54248
0 0 0 0
1 0 0 0
-38.92682 187.4882 -83.12608
0.05000002 -1E-07 0.08660253
255 255 255 255
0.800781 0.538574
0 0 0 0
1 0 0 0
-200.2699 146.9717 10.02538
0.05000002 -1E-07 0.08660253
255 255 255 255
0.77832 0.54248
0 0 0 0
1 0 0 0
-200.2699 187.4882 10.02541
0.05000002 -1E-07 0.08660253
255 255 255 255
0.77832 0.538574
0 0 0 0
1 0 0 0
-200.2699 146.9717 10.02538
-0.04999998 -9.999996E-08 0.08660256
255 255 255 255
0.595215 0.609375
0 0 0 0
1 0 0 0
-200.2699 187.4882 10.02541
-0.04999998 -9.999996E-08 0.08660256
255 255 255 255
0.595215 0.605469
0 0 0 0
1 0 0 0
-361.6131 146.9717 -83.12612
-0.04999998 -9.999996E-08 0.08660256
255 255 255 255
0.572754 0.609375
0 0 0 0
1 0 0 0
-361.6131 187.4882 -83.12608
-0.04999998 -9.999996E-08 0.08660256
255 255 255 255
0.572754 0.605469
0 0 0 0
1 0 0 0
-361.6131 146.9717 -83.12612
-0.1 0 0
255 255 255 255
0.921875 0.590332
0 0 0 0
1 0 0 0
-361.6131 187.4882 -83.12608
-0.1 0 0
255 255 255 255
0.921875 0.585937
0 0 0 0
1 0 0 0
-361.6131 146.9717 -269.4291
-0.1 0 0
255 255 255 255
0.899414 0.590332
0 0 0 0
1 0 0 0
-361.6131 187.4882 -269.4291
-0.1 0 0
255 255 255 255
0.899414 0.585937
0 0 0 0
1 0 0 0
-361.6131 146.9717 -269.4291
-0.05000002 1E-07 -0.08660253
255 255 255 255
0.595215 0.547363
0 0 0 0
1 0 0 0
-361.6131 187.4882 -269.4291
-0.05000002 0 -0.08660253
255 255 255 255
0.595215 0.543457
0 0 0 0
1 0 0 0
-200.2699 146.9717 -362.5807
-0.05000002 0 -0.08660253
255 255 255 255
0.572754 0.547363
0 0 0 0
1 0 0 0
-200.2699 187.4882 -362.5807
-0.05000002 0 -0.08660253
255 255 255 255
0.572754 0.543457
0 0 0 0
1 0 0 0
-200.2699 146.9717 -362.5807
0.05000002 0 -0.08660253
255 255 255 255
0.984375 0.86084
0 0 0 0
1 0 0 0
-200.2699 187.4882 -362.5807
0.05000002 1E-07 -0.08660253
255 255 255 255
0.984375 0.856445
0 0 0 0
1 0 0 0
-38.92682 146.9717 -269.4292
0.05000002 1E-07 -0.08660253
255 255 255 255
0.961914 0.86084
0 0 0 0
1 0 0 0
-38.92682 187.4882 -269.4291
0.05000002 1E-07 -0.08660253
255 255 255 255
0.961914 0.856445
0 0 0 0
1 0 0 0
-38.92682 146.9717 -269.4292
0.1 0 0
255 255 255 255
0.77002 0.534668
0 0 0 0
1 0 0 0
-38.92682 187.4882 -269.4291
0.1 0 0
255 255 255 255
0.77002 0.530273
0 0 0 0
1 0 0 0
-38.92682 146.9717 -83.12615
0.1 0 0
255 255 255 255
0.747559 0.534668
0 0 0 0
1 0 0 0
-38.92682 187.4882 -83.12608
0.1 0 0
255 255 255 255
0.747559 0.530273
0 0 0 0
1 0 0 0
-306.1614 182.8382 -449.3804
0 0.1 0
255 255 255 255
0.704102 0.900879
0 0 0 0
1 0 0 0
-306.1614 182.8382 103.8279
0 0.1 0
255 255 255 255
0.637207 0.900879
0 0 0 0
1 0 0 0
-95.66554 182.8382 -449.3804
0.03901259 0.09207615 0
255 255 255 255
0.704102 0.919922
0 0 0 0
1 0 0 0
-95.66567 182.8382 103.8279
0.03901259 0.09207615 0
255 255 255 255
0.637207 0.919922
0 0 0 0
1 0 0 0
-343.789 143.976 103.8279
-0.07184263 0.06956032 0
255 255 255 255
0.948242 0.708984
0 0 0 0
1 0 0 0
-306.1614 182.8382 103.8279
-0.07184263 0.06956032 0
255 255 255 255
0.948242 0.702637
0 0 0 0
1 0 0 0
-343.789 143.976 -449.3804
-0.07184263 0.06956032 0
255 255 255 255
0.881836 0.708984
0 0 0 0
1 0 0 0
-306.1614 182.8382 -449.3804
-0.07184263 0.06956032 0
255 255 255 255
0.881836 0.702637
0 0 0 0
1 0 0 0
-343.789 143.976 -449.3804
0 0 -0.1
255 255 255 255
0.671875 0.897461
0 0 0 0
1 0 0 0
-306.1614 182.8382 -449.3804
0 0 -0.1
255 255 255 255
0.66748 0.893555
0 0 0 0
1 0 0 0
-58.03796 143.976 -449.3804
0 0 -0.1
255 255 255 255
0.637207 0.897461
0 0 0 0
1 0 0 0
-95.66554 182.8382 -449.3804
0 0 -0.1
255 255 255 255
0.64209 0.893555
0 0 0 0
1 0 0 0
-58.03796 143.976 -449.3804
0.07184263 0.06956032 0
255 255 255 255
0.704102 0.925781
0 0 0 0
1 0 0 0
-58.03796 143.976 103.8279
0.07184257 0.06956037 0
255 255 255 255
0.637207 0.925781
0 0 0 0
1 0 0 0
-58.03796 143.976 103.8279
0 0 0.1
255 255 255 255
0.970215 0.938477
0 0 0 0
1 0 0 0
-95.66567 182.8382 103.8279
0 0 0.1
255 255 255 255
0.96582 0.93457
0 0 0 0
1 0 0 0
-343.789 143.976 103.8279
0 0 0.1
255 255 255 255
0.936035 0.938477
0 0 0 0
1 0 0 0
-306.1614 182.8382 103.8279
0 0 0.1
255 255 255 255
0.94043 0.93457
0 0 0 0
1 0 0 0
-667.4451 -396.9526 609.028
0 0.09468331 0.0321725
255 255 255 255
0.890625 0.909668
0 0 0 0
1 0 0 0
-667.4451 -349.5107 469.4068
0 0.09761577 0.02170628
255 255 255 255
0.873535 0.909668
0 0 0 0
1 0 0 0
-815.3764 -396.9526 609.028
0 0.09468331 0.0321725
255 255 255 255
0.890625 0.927246
0 0 0 0
1 0 0 0
-815.3764 -349.5107 469.4067
0 0.0994093 0.01085319
255 255 255 255
0.873535 0.927246
0 0 0 0
1 0 0 0
-815.3764 -396.9526 190.1644
0 0.09468331 -0.0321725
255 255 255 255
0.840332 0.927246
0 0 0 0
1 0 0 0
-815.3764 -349.5107 329.7855
0 0.09761576 -0.0217063
255 255 255 255
0.856934 0.927246
0 0 0 0
1 0 0 0
-667.4451 -396.9526 190.1644
0 0.09468331 -0.0321725
255 255 255 255
0.840332 0.909668
0 0 0 0
1 0 0 0
-667.4451 -349.5107 329.7856
0 0.0994093 -0.01085319
255 255 255 255
0.856934 0.909668
0 0 0 0
1 0 0 0
-815.3764 -586.1615 190.1644
0 0 -0.1
255 255 255 255
0.913086 0.894531
0 0 0 0
1 0 0 0
-815.3764 -396.9526 190.1644
0 0 -0.1
255 255 255 255
0.893555 0.894531
0 0 0 0
1 0 0 0
-667.4451 -586.1615 190.1644
0 0 -0.1
255 255 255 255
0.913086 0.912598
0 0 0 0
1 0 0 0
-667.4451 -396.9526 190.1644
0 0 -0.1
255 255 255 255
0.893555 0.912598
0 0 0 0
1 0 0 0
-667.4451 -396.9526 190.1644
0.1 0 0
255 255 255 255
0.878906 0.700684
0 0 0 0
1 0 0 0
-667.4451 -349.5107 329.7856
0.1 0 0
255 255 255 255
0.861816 0.695801
0 0 0 0
1 0 0 0
-667.4451 -586.1615 190.1644
0.1 0 0
255 255 255 255
0.878906 0.720215
0 0 0 0
1 0 0 0
-667.4451 -420.4219 329.7856
0.1 0 0
255 255 255 255
0.861816 0.703125
0 0 0 0
1 0 0 0
-667.4451 -349.5107 469.4068
0.1 0 0
255 255 255 255
0.845215 0.695801
0 0 0 0
1 0 0 0
-667.4451 -420.4219 469.4069
0.1 0 0
255 255 255 255
0.845215 0.703125
0 0 0 0
1 0 0 0
-667.4451 -396.9526 609.028
0.1 0 0
255 255 255 255
0.828125 0.700684
0 0 0 0
1 0 0 0
-667.4451 -586.1615 609.028
0.1 0 0
255 255 255 255
0.828125 0.720215
0 0 0 0
1 0 0 0
-667.4451 -586.1615 609.028
0 0 0.1
255 255 255 255
0.780273 0.907715
0 0 0 0
1 0 0 0
-667.4451 -396.9526 609.028
0 0 0.1
255 255 255 255
0.760742 0.907715
0 0 0 0
1 0 0 0
-815.3764 -586.1615 609.028
0 0 0.1
255 255 255 255
0.780273 0.925781
0 0 0 0
1 0 0 0
-815.3764 -396.9526 609.028
0 0 0.1
255 255 255 255
0.760742 0.925781
0 0 0 0
1 0 0 0
-815.3764 -396.9526 609.028
-0.1 0 0
255 255 255 255
0.836914 0.907715
0 0 0 0
1 0 0 0
-815.3764 -349.5107 469.4067
-0.1 0 0
255 255 255 255
0.820313 0.902832
0 0 0 0
1 0 0 0
-815.3764 -586.1615 609.028
-0.1 0 0
255 255 255 255
0.836914 0.927246
0 0 0 0
1 0 0 0
-815.3764 -420.4219 469.4069
-0.1 0 0
255 255 255 255
0.820313 0.910156
0 0 0 0
1 0 0 0
-815.3764 -349.5107 329.7855
-0.1 0 0
255 255 255 255
0.803223 0.902832
0 0 0 0
1 0 0 0
-815.3764 -420.4219 329.7856
-0.1 0 0
255 255 255 255
0.803223 0.910156
0 0 0 0
1 0 0 0
-815.3764 -396.9526 190.1644
-0.1 0 0
255 255 255 255
0.786621 0.907715
0 0 0 0
1 0 0 0
-815.3764 -586.1615 190.1644
-0.1 0 0
255 255 255 255
0.786621 0.927246
0 0 0 0
1 0 0 0
124.3107 -396.9526 -571.298
0.0321725 0.09468331 0
255 255 255 255
0.797852 0.583008
0 0 0 0
1 0 0 0
-15.31046 -349.5107 -571.298
0.02170628 0.09761577 0
255 255 255 255
0.78125 0.583008
0 0 0 0
1 0 0 0
124.3107 -396.9526 -423.3668
0.0321725 0.09468331 0
255 255 255 255
0.797852 0.600586
0 0 0 0
1 0 0 0
-15.31059 -349.5107 -423.3668
0.01085319 0.0994093 0
255 255 255 255
0.78125 0.600586
0 0 0 0
1 0 0 0
-294.5529 -396.9526 -423.3668
-0.0321725 0.09468331 0
255 255 255 255
0.747559 0.600586
0 0 0 0
1 0 0 0
-154.9319 -349.5107 -423.3668
-0.0217063 0.09761576 0
255 255 255 255
0.764648 0.600586
0 0 0 0
1 0 0 0
-294.5529 -396.9526 -571.298
-0.0321725 0.09468331 0
255 255 255 255
0.747559 0.583008
0 0 0 0
1 0 0 0
-154.9318 -349.5107 -571.298
-0.01085319 0.0994093 0
255 255 255 255
0.764648 0.583008
0 0 0 0
1 0 0 0
-294.5529 -586.1615 -423.3668
-0.1 0 0
255 255 255 255
0.578125 0.515137
0 0 0 0
1 0 0 0
-294.5529 -396.9526 -423.3668
-0.1 0 0
255 255 255 255
0.558594 0.515137
0 0 0 0
1 0 0 0
-294.5529 -586.1615 -571.298
-0.1 0 0
255 255 255 255
0.578125 0.532715
0 0 0 0
1 0 0 0
-294.5529 -396.9526 -571.298
-0.1 0 0
255 255 255 255
0.558594 0.532715
0 0 0 0
1 0 0 0
-294.5529 -396.9526 -571.298
0 0 -0.1
255 255 255 255
0.827637 0.657227
0 0 0 0
1 0 0 0
-154.9318 -349.5107 -571.298
0 0 -0.1
255 255 255 255
0.811035 0.652344
0 0 0 0
1 0 0 0
-294.5529 -586.1615 -571.298
0 0 -0.1
255 255 255 255
0.827637 0.677246
0 0 0 0
1 0 0 0
-154.9318 -420.4219 -571.298
0 0 -0.1
255 255 255 255
0.811035 0.659668
0 0 0 0
1 0 0 0
-15.31046 -349.5107 -571.298
0 0 -0.1
255 255 255 255
0.794434 0.652344
0 0 0 0
1 0 0 0
-15.31033 -420.4219 -571.298
0 0 -0.1
255 255 255 255
0.794434 0.659668
0 0 0 0
1 0 0 0
124.3107 -396.9526 -571.298
0 0 -0.1
255 255 255 255
0.777344 0.657227
0 0 0 0
1 0 0 0
124.3107 -586.1615 -571.298
0 0 -0.1
255 255 255 255
0.777344 0.677246
0 0 0 0
1 0 0 0
124.3107 -586.1615 -571.298
0.1 0 0
255 255 255 255
0.592285 0.620605
0 0 0 0
1 0 0 0
124.3107 -396.9526 -571.298
0.1 0 0
255 255 255 255
0.572754 0.620605
0 0 0 0
1 0 0 0
124.3107 -586.1615 -423.3668
0.1 0 0
255 255 255 255
0.592285 0.638184
0 0 0 0
1 0 0 0
124.3107 -396.9526 -423.3668
0.1 0 0
255 255 255 255
0.572754 0.638184
0 0 0 0
1 0 0 0
124.3107 -396.9526 75.65835
0.0321725 0.09468331 0
255 255 255 255
0.941406 0.746094
0 0 0 0
1 0 0 0
-15.31046 -349.5107 75.65835
0.02170628 0.09761577 0
255 255 255 255
0.924316 0.746094
0 0 0 0
1 0 0 0
124.3107 -396.9526 223.5896
0.0321725 0.09468331 0
255 255 255 255
0.941406 0.763672
0 0 0 0
1 0 0 0
-15.31059 -349.5107 223.5896
0.01085319 0.0994093 0
255 255 255 255
0.924316 0.763672
0 0 0 0
1 0 0 0
-294.5529 -396.9526 223.5896
-0.0321725 0.09468331 0
255 255 255 255
0.891113 0.763672
0 0 0 0
1 0 0 0
-154.9319 -349.5107 223.5896
-0.0217063 0.09761576 0
255 255 255 255
0.907715 0.763672
0 0 0 0
1 0 0 0
-294.5529 -396.9526 75.65835
-0.0321725 0.09468331 0
255 255 255 255
0.891113 0.746094
0 0 0 0
1 0 0 0
-154.9318 -349.5107 75.65835
-0.01085319 0.0994093 0
255 255 255 255
0.907715 0.746094
0 0 0 0
1 0 0 0
-294.5529 -586.1615 223.5896
-0.1 0 0
255 255 255 255
0.592285 0.558594
0 0 0 0
1 0 0 0
-294.5529 -396.9526 223.5896
-0.1 0 0
255 255 255 255
0.572754 0.558594
0 0 0 0
1 0 0 0
-294.5529 -586.1615 75.65835
-0.1 0 0
255 255 255 255
0.592285 0.57666
0 0 0 0
1 0 0 0
-294.5529 -396.9526 75.65835
-0.1 0 0
255 255 255 255
0.572754 0.57666
0 0 0 0
1 0 0 0
-294.5529 -396.9526 75.65835
0 0 -0.1
255 255 255 255
0.655762 0.509766
0 0 0 0
1 0 0 0
-154.9318 -349.5107 75.65835
0 0 -0.1
255 255 255 255
0.638672 0.504883
0 0 0 0
1 0 0 0
-294.5529 -586.1615 75.65835
0 0 -0.1
255 255 255 255
0.655762 0.529297
0 0 0 0
1 0 0 0
-154.9318 -420.4219 75.65835
0 0 -0.1
255 255 255 255
0.638672 0.511719
0 0 0 0
1 0 0 0
-15.31046 -349.5107 75.65835
0 0 -0.1
255 255 255 255
0.62207 0.504883
0 0 0 0
1 0 0 0
-15.31033 -420.4219 75.65835
0 0 -0.1
255 255 255 255
0.62207 0.511719
0 0 0 0
1 0 0 0
124.3107 -396.9526 75.65835
0 0 -0.1
255 255 255 255
0.605469 0.509766
0 0 0 0
1 0 0 0
124.3107 -586.1615 75.65835
0 0 -0.1
255 255 255 255
0.605469 0.529297
0 0 0 0
1 0 0 0
124.3107 -586.1615 75.65835
0.1 0 0
255 255 255 255
0.904297 0.649902
0 0 0 0
1 0 0 0
124.3107 -396.9526 75.65835
0.1 0 0
255 255 255 255
0.884766 0.649902
0 0 0 0
1 0 0 0
124.3107 -586.1615 223.5896
0.1 0 0
255 255 255 255
0.904297 0.66748
0 0 0 0
1 0 0 0
124.3107 -396.9526 223.5896
0.1 0 0
255 255 255 255
0.884766 0.66748
0 0 0 0
1 0 0 0
124.3107 -396.9526 223.5896
0 0 0.1
255 255 255 255
0.730469 0.508789
0 0 0 0
1 0 0 0
-15.31059 -349.5107 223.5896
0 0 0.1
255 255 255 255
0.713867 0.503906
0 0 0 0
1 0 0 0
124.3107 -586.1615 223.5896
0 0 0.1
255 255 255 255
0.730469 0.52832
0 0 0 0
1 0 0 0
-15.31033 -420.4219 223.5896
0 0 0.1
255 255 255 255
0.713867 0.51123
0 0 0 0
1 0 0 0
-154.9319 -349.5107 223.5896
0 0 0.1
255 255 255 255
0.697266 0.503906
0 0 0 0
1 0 0 0
-154.9318 -420.4219 223.5896
0 0 0.1
255 255 255 255
0.697266 0.51123
0 0 0 0
1 0 0 0
-294.5529 -396.9526 223.5896
0 0 0.1
255 255 255 255
0.680176 0.508789
0 0 0 0
1 0 0 0
-294.5529 -586.1615 223.5896
0 0 0.1
255 255 255 255
0.680176 0.52832
0 0 0 0
1 0 0 0
-195.16 -47.9709 -683.9052
0 0.1 0
255 255 255 255
0.692871 0.824707
0 0 0 0
1 0 0 0
43.153 -47.97097 -683.9053
0 0.1 0
255 255 255 255
0.72168 0.824707
0 0 0 0
1 0 0 0
-195.16 -47.9709 -700.6786
0 0.1 0
255 255 255 255
0.692871 0.822754
0 0 0 0
1 0 0 0
43.153 -47.97097 -700.6787
0 0.1 0
255 255 255 255
0.72168 0.822754
0 0 0 0
1 0 0 0
43.153 -55.74873 -679.9041
0 0.04574549 0.08892328
255 255 255 255
0.932617 0.931641
0 0 0 0
1 0 0 0
43.153 -47.97097 -683.9053
0 0.04574549 0.08892328
255 255 255 255
0.932617 0.930664
0 0 0 0
1 0 0 0
-195.16 -55.74866 -679.9041
0 0.04574549 0.08892328
255 255 255 255
0.904297 0.931641
0 0 0 0
1 0 0 0
-195.16 -47.9709 -683.9052
0 0.04574549 0.08892328
255 255 255 255
0.904297 0.930664
0 0 0 0
1 0 0 0
-195.16 -55.74866 -704.6799
0 0.04574549 -0.08892328
255 255 255 255
0.691895 0.887207
0 0 0 0
1 0 0 0
-195.16 -47.9709 -700.6786
0 0.04574529 -0.08892338
255 255 255 255
0.691895 0.88623
0 0 0 0
1 0 0 0
43.153 -55.74873 -704.6799
0 0.04574529 -0.08892338
255 255 255 255
0.663574 0.887207
0 0 0 0
1 0 0 0
43.153 -47.97097 -700.6787
0 0.04574509 -0.08892349
255 255 255 255
0.663574 0.88623
0 0 0 0
1 0 0 0
-195.16 -47.9709 -433.1736
0 0.1 0
255 255 255 255
0.692871 0.769043
0 0 0 0
1 0 0 0
43.153 -47.97097 -433.1736
0 0.1 0
255 255 255 255
0.72168 0.769043
0 0 0 0
1 0 0 0
-195.16 -47.9709 -449.947
0 0.1 0
255 255 255 255
0.692871 0.766602
0 0 0 0
1 0 0 0
43.153 -47.97097 -449.9471
0 0.1 0
255 255 255 255
0.72168 0.766602
0 0 0 0
1 0 0 0
43.153 -55.74873 -429.1725
0 0.04574549 0.08892328
255 255 255 255
0.72168 0.830078
0 0 0 0
1 0 0 0
43.153 -47.97097 -433.1736
0 0.04574529 0.08892338
255 255 255 255
0.72168 0.828613
0 0 0 0
1 0 0 0
-195.16 -55.74866 -429.1725
0 0.04574529 0.08892338
255 255 255 255
0.692871 0.830078
0 0 0 0
1 0 0 0
-195.16 -47.9709 -433.1736
0 0.04574502 0.08892353
255 255 255 255
0.692871 0.828613
0 0 0 0
1 0 0 0
-195.16 -55.74866 -453.9482
0 0.04574502 -0.08892353
255 255 255 255
0.751465 0.887207
0 0 0 0
1 0 0 0
-195.16 -47.9709 -449.947
0 0.04574529 -0.08892338
255 255 255 255
0.751465 0.88623
0 0 0 0
1 0 0 0
43.153 -55.74873 -453.9482
0 0.04574529 -0.08892338
255 255 255 255
0.722656 0.887207
0 0 0 0
1 0 0 0
43.153 -47.97097 -449.9471
0 0.04574549 -0.08892328
255 255 255 255
0.722656 0.88623
0 0 0 0
1 0 0 0
-195.16 -47.9709 -180.9462
0 0.1 0
255 255 255 255
0.663574 0.769043
0 0 0 0
1 0 0 0
43.153 -47.97097 -180.9462
0 0.1 0
255 255 255 255
0.691895 0.769043
0 0 0 0
1 0 0 0
-195.16 -47.9709 -197.7196
0 0.1 0
255 255 255 255
0.663574 0.766602
0 0 0 0
1 0 0 0
43.153 -47.97097 -197.7197
0 0.1 0
255 255 255 255
0.691895 0.766602
0 0 0 0
1 0 0 0
43.153 -55.74873 -176.945
0 0.04574569 0.08892318
255 255 255 255
0.72168 0.887207
0 0 0 0
1 0 0 0
43.153 -47.97097 -180.9462
0 0.04574541 0.08892333
255 255 255 255
0.72168 0.88623
0 0 0 0
1 0 0 0
-195.16 -55.74866 -176.945
0 0.04574541 0.08892333
255 255 255 255
0.692871 0.887207
0 0 0 0
1 0 0 0
-195.16 -47.9709 -180.9462
0 0.04574518 0.08892345
255 255 255 255
0.692871 0.88623
0 0 0 0
1 0 0 0
-195.16 -55.74866 -201.7207
0 0.04574502 -0.08892353
255 255 255 255
0.873535 0.931641
0 0 0 0
1 0 0 0
-195.16 -47.9709 -197.7196
0 0.04574518 -0.08892345
255 255 255 255
0.873535 0.930664
0 0 0 0
1 0 0 0
43.153 -55.74873 -201.7208
0 0.04574518 -0.08892345
255 255 255 255
0.844727 0.931641
0 0 0 0
1 0 0 0
43.153 -47.97097 -197.7197
0 0.04574529 -0.08892338
255 255 255 255
0.844727 0.930664
0 0 0 0
1 0 0 0
-195.16 -47.9709 97.45785
0 0.1 0
255 255 255 255
0.722656 0.769043
0 0 0 0
1 0 0 0
43.153 -47.97097 97.45776
0 0.1 0
255 255 255 255
0.751465 0.769043
0 0 0 0
1 0 0 0
-195.16 -47.9709 80.68439
0 0.1 0
255 255 255 255
0.722656 0.766602
0 0 0 0
1 0 0 0
43.153 -47.97097 80.68432
0 0.1 0
255 255 255 255
0.751465 0.766602
0 0 0 0
1 0 0 0
43.153 -55.74873 101.4589
0 0.04574522 0.08892342
255 255 255 255
0.751465 0.830078
0 0 0 0
1 0 0 0
43.153 -47.97097 97.45776
0 0.04574518 0.08892345
255 255 255 255
0.751465 0.828613
0 0 0 0
1 0 0 0
-195.16 -55.74866 101.459
0 0.04574518 0.08892345
255 255 255 255
0.722656 0.830078
0 0 0 0
1 0 0 0
-195.16 -47.9709 97.45785
0 0.04574518 0.08892345
255 255 255 255
0.722656 0.828613
0 0 0 0
1 0 0 0
-195.16 -55.74866 76.68324
0 0.04574541 -0.08892333
255 255 255 255
0.691895 0.830078
0 0 0 0
1 0 0 0
-195.16 -47.9709 80.68439
0 0.04574541 -0.08892333
255 255 255 255
0.691895 0.828613
0 0 0 0
1 0 0 0
43.153 -55.74873 76.68316
0 0.04574541 -0.08892333
255 255 255 255
0.663574 0.830078
0 0 0 0
1 0 0 0
43.153 -47.97097 80.68432
0 0.04574541 -0.08892333
255 255 255 255
0.663574 0.828613
0 0 0 0
1 0 0 0
-195.16 -47.9709 353.202
0 0.1 0
255 255 255 255
0.722656 0.824707
0 0 0 0
1 0 0 0
43.153 -47.97097 353.2019
0 0.1 0
255 255 255 255
0.751465 0.824707
0 0 0 0
1 0 0 0
-195.16 -47.9709 336.4285
0 0.1 0
255 255 255 255
0.722656 0.822754
0 0 0 0
1 0 0 0
43.153 -47.97097 336.4285
0 0.1 0
255 255 255 255
0.751465 0.822754
0 0 0 0
1 0 0 0
43.153 -55.74873 357.203
0 0.04574529 0.08892338
255 255 255 255
0.90332 0.987305
0 0 0 0
1 0 0 0
43.153 -47.97097 353.2019
0 0.04574518 0.08892345
255 255 255 255
0.90332 0.986328
0 0 0 0
1 0 0 0
-195.16 -55.74866 357.2031
0 0.04574518 0.08892345
255 255 255 255
0.874512 0.987305
0 0 0 0
1 0 0 0
-195.16 -47.9709 353.202
1E-07 0.04574502 0.08892353
255 255 255 255
0.874512 0.986328
0 0 0 0
1 0 0 0
-195.16 -55.74866 332.4274
0 0.04574529 -0.08892338
255 255 255 255
0.873535 0.987305
0 0 0 0
1 0 0 0
-195.16 -47.9709 336.4285
0 0.04574541 -0.08892333
255 255 255 255
0.873535 0.986328
0 0 0 0
1 0 0 0
43.153 -55.74873 332.4273
0 0.04574541 -0.08892333
255 255 255 255
0.844727 0.987305
0 0 0 0
1 0 0 0
43.153 -47.97097 336.4285
0 0.04574549 -0.08892328
255 255 255 255
0.844727 0.986328
0 0 0 0
1 0 0 0
-195.16 -47.9709 626.4297
0 0.1 0
255 255 255 255
0.663574 0.824707
0 0 0 0
1 0 0 0
43.153 -47.97097 626.4296
0 0.1 0
255 255 255 255
0.691895 0.824707
0 0 0 0
1 0 0 0
-195.16 -47.9709 609.6562
0 0.1 0
255 255 255 255
0.663574 0.822754
0 0 0 0
1 0 0 0
43.153 -47.97097 609.6562
0 0.1 0
255 255 255 255
0.691895 0.822754
0 0 0 0
1 0 0 0
43.153 -55.74873 630.4307
9.999999E-08 0.04574509 0.08892349
255 255 255 255
0.90332 0.931641
0 0 0 0
1 0 0 0
43.153 -47.97097 626.4296
9.999999E-08 0.04574509 0.08892349
255 255 255 255
0.90332 0.930664
0 0 0 0
1 0 0 0
-195.16 -55.74866 630.4308
9.999999E-08 0.04574509 0.08892349
255 255 255 255
0.874512 0.931641
0 0 0 0
1 0 0 0
-195.16 -47.9709 626.4297
1E-07 0.04574502 0.08892353
255 255 255 255
0.874512 0.930664
0 0 0 0
1 0 0 0
-195.16 -55.74866 605.6551
0 0.04574502 -0.08892353
255 255 255 255
0.932617 0.987305
0 0 0 0
1 0 0 0
-195.16 -47.9709 609.6562
0 0.04574549 -0.08892328
255 255 255 255
0.932617 0.986328
0 0 0 0
1 0 0 0
43.153 -55.74873 605.655
0 0.04574549 -0.08892328
255 255 255 255
0.904297 0.987305
0 0 0 0
1 0 0 0
43.153 -47.97097 609.6562
0 0.04574589 -0.08892308
255 255 255 255
0.904297 0.986328
0 0 0 0
1 0 0 0
39.08212 -47.9709 -834.2835
0 0.1 0
255 255 255 255
0.747559 0.564453
0 0 0 0
1 0 0 0
39.08212 -47.97097 878.0498
0 0.1 0
255 255 255 255
0.953613 0.564453
0 0 0 0
1 0 0 0
55.85562 -47.9709 -834.2835
0 0.1 0
255 255 255 255
0.747559 0.562012
0 0 0 0
1 0 0 0
55.85562 -47.97097 878.0498
0 0.1 0
255 255 255 255
0.953613 0.562012
0 0 0 0
1 0 0 0
35.08106 -55.74873 878.0498
-0.08892379 0.04574449 0
255 255 255 255
0.953613 0.550781
0 0 0 0
1 0 0 0
39.08212 -47.97097 878.0498
-0.08892383 0.04574442 0
255 255 255 255
0.953613 0.549805
0 0 0 0
1 0 0 0
35.08106 -55.74866 -834.2835
-0.08892383 0.04574442 0
255 255 255 255
0.747559 0.550781
0 0 0 0
1 0 0 0
39.08212 -47.9709 -834.2835
-0.08892383 0.04574442 0
255 255 255 255
0.747559 0.549805
0 0 0 0
1 0 0 0
35.08106 -55.74866 -834.2835
0 0 -0.1
255 255 255 255
0.726563 0.912598
0 0 0 0
1 0 0 0
39.08212 -47.9709 -834.2835
0 0 -0.1
255 255 255 255
0.727051 0.913086
0 0 0 0
1 0 0 0
59.85673 -55.74866 -834.2835
0 0 -0.1
255 255 255 255
0.729492 0.912598
0 0 0 0
1 0 0 0
55.85562 -47.9709 -834.2835
0 0 -0.1
255 255 255 255
0.729004 0.913086
0 0 0 0
1 0 0 0
59.85673 -55.74866 -834.2835
0.08892359 0.04574489 0
255 255 255 255
0.953613 0.546875
0 0 0 0
1 0 0 0
55.85562 -47.9709 -834.2835
0.08892359 0.04574489 0
255 255 255 255
0.953613 0.545898
0 0 0 0
1 0 0 0
59.85673 -55.74873 878.0498
0.08892359 0.04574489 0
255 255 255 255
0.747559 0.546875
0 0 0 0
1 0 0 0
55.85562 -47.97097 878.0498
0.08892359 0.04574489 0
255 255 255 255
0.747559 0.545898
0 0 0 0
1 0 0 0
59.85673 -55.74873 878.0498
0 0 0.1
255 255 255 255
0.727051 0.919922
0 0 0 0
1 0 0 0
55.85562 -47.97097 878.0498
0 0 0.1
255 255 255 255
0.727539 0.92041
0 0 0 0
1 0 0 0
35.08106 -55.74873 878.0498
0 0 0.1
255 255 255 255
0.72998 0.919922
0 0 0 0
1 0 0 0
39.08212 -47.97097 878.0498
0 0 0.1
255 255 255 255
0.729492 0.92041
0 0 0 0
1 0 0 0
-212.2173 -47.9709 -834.2835
0 0.1 0
255 255 255 255
0.747559 0.569336
0 0 0 0
1 0 0 0
-212.2173 -47.97097 915.8705
0 0.1 0
255 255 255 255
0.958008 0.569336
0 0 0 0
1 0 0 0
-195.4439 -47.9709 -834.2835
0 0.1 0
255 255 255 255
0.747559 0.567383
0 0 0 0
1 0 0 0
-195.4439 -47.97097 915.8705
0 0.1 0
255 255 255 255
0.958008 0.567383
0 0 0 0
1 0 0 0
-216.2185 -55.74873 915.8705
-0.08892349 0.04574509 0
255 255 255 255
0.958008 0.559082
0 0 0 0
1 0 0 0
-212.2173 -47.97097 915.8705
-0.08892353 0.04574502 0
255 255 255 255
0.958008 0.558105
0 0 0 0
1 0 0 0
-216.2185 -55.74866 -834.2835
-0.08892353 0.04574502 0
255 255 255 255
0.747559 0.559082
0 0 0 0
1 0 0 0
-212.2173 -47.9709 -834.2835
-0.08892353 0.04574502 0
255 255 255 255
0.747559 0.558105
0 0 0 0
1 0 0 0
-216.2185 -55.74866 -834.2835
0 0 -0.1
255 255 255 255
0.726563 0.910645
0 0 0 0
1 0 0 0
-212.2173 -47.9709 -834.2835
0 0 -0.1
255 255 255 255
0.727051 0.911133
0 0 0 0
1 0 0 0
-191.4428 -55.74866 -834.2835
0 0 -0.1
255 255 255 255
0.729492 0.910645
0 0 0 0
1 0 0 0
-195.4439 -47.9709 -834.2835
0 0 -0.1
255 255 255 255
0.729004 0.911133
0 0 0 0
1 0 0 0
-191.4428 -55.74866 -834.2835
0.08892345 0.04574518 0
255 255 255 255
0.958008 0.555176
0 0 0 0
1 0 0 0
-195.4439 -47.9709 -834.2835
0.08892345 0.04574518 0
255 255 255 255
0.958008 0.554199
0 0 0 0
1 0 0 0
-191.4428 -55.74873 915.8705
0.08892345 0.04574518 0
255 255 255 255
0.747559 0.555176
0 0 0 0
1 0 0 0
-195.4439 -47.97097 915.8705
0.08892342 0.04574522 0
255 255 255 255
0.747559 0.554199
0 0 0 0
1 0 0 0
-191.4428 -55.74873 915.8705
0 0 0.1
255 255 255 255
0.727051 0.917969
0 0 0 0
1 0 0 0
-195.4439 -47.97097 915.8705
0 0 0.1
255 255 255 255
0.727539 0.918457
0 0 0 0
1 0 0 0
-216.2185 -55.74873 915.8705
0 0 0.1
255 255 255 255
0.72998 0.917969
0 0 0 0
1 0 0 0
-212.2173 -47.97097 915.8705
0 0 0.1
255 255 255 255
0.729492 0.918457
0 0 0 0
1 0 0 0
-6.427089 -82.15971 295.0087
-0.1 0 0
255 255 255 255
0.929688 0.769043
0 0 0 0
1 0 0 0
-6.427089 -172.3891 295.0087
-0.09706334 -0.02405636 0
255 255 255 255
0.929688 0.777344
0 0 0 0
1 0 0 0
-6.427089 -82.15971 783.6025
-0.1 0 0
255 255 255 255
0.988281 0.769043
0 0 0 0
1 0 0 0
-6.427089 -172.3891 783.6025
-0.09706334 -0.02405636 0
255 255 255 255
0.988281 0.777344
0 0 0 0
1 0 0 0
92.98216 -82.15971 783.6025
0.1 0 0
255 255 255 255
0.82959 0.769043
0 0 0 0
1 0 0 0
92.98216 -172.3891 783.6025
0.09706334 -0.02405636 0
255 255 255 255
0.82959 0.777344
0 0 0 0
1 0 0 0
92.98216 -82.15971 295.0087
0.1 0 0
255 255 255 255
0.888184 0.769043
0 0 0 0
1 0 0 0
92.98216 -172.3891 295.0087
0.09706334 -0.02405636 0
255 255 255 255
0.888184 0.777344
0 0 0 0
1 0 0 0
16.05692 -214.9625 783.6025
-0.08842583 -0.04669982 0
255 255 255 255
0.988281 0.782227
0 0 0 0
1 0 0 0
16.05692 -214.9625 295.0087
-0.08842583 -0.04669982 0
255 255 255 255
0.929688 0.782227
0 0 0 0
1 0 0 0
92.98216 -82.15971 295.0087
0 0 -0.1
255 255 255 255
0.658691 0.529297
0 0 0 0
1 0 0 0
92.98216 -172.3891 295.0087
0 0 -0.1
255 255 255 255
0.667969 0.529297
0 0 0 0
1 0 0 0
-6.427089 -82.15971 295.0087
0 0 -0.1
255 255 255 255
0.658691 0.51709
0 0 0 0
1 0 0 0
-6.427089 -172.3891 295.0087
0 0 -0.1
255 255 255 255
0.667969 0.51709
0 0 0 0
1 0 0 0
16.05692 -214.9625 295.0087
0 0 -0.1
255 255 255 255
0.672363 0.52002
0 0 0 0
1 0 0 0
70.49809 -214.9625 295.0087
0 0 -0.1
255 255 255 255
0.672363 0.526367
0 0 0 0
1 0 0 0
70.49809 -214.9625 295.0087
0.08842579 -0.04669989 0
255 255 255 255
0.888184 0.782227
0 0 0 0
1 0 0 0
70.49809 -214.9625 783.6025
0.08842579 -0.04669989 0
255 255 255 255
0.82959 0.782227
0 0 0 0
1 0 0 0
554 # faces
0 2 1
3 1 2
4 6 5
7 4 5
8 4 7
9 7 5
10 12 11
13 10 14
14 10 11
15 14 11
16 18 17
19 16 17
20 16 19
21 19 17
22 24 23
25 22 23
26 22 25
27 25 23
28 30 29
31 28 29
32 28 31
33 31 29
34 36 35
37 35 36
35 37 38
39 38 37
38 39 40
41 40 39
42 44 43
45 43 44
43 45 46
47 46 45
46 47 48
49 48 47
50 52 51
53 51 52
54 56 55
57 55 56
58 60 59
61 59 60
2 0 62
63 62 0
51 53 64
65 64 53
55 57 66
67 66 57
59 61 68
69 68 61
62 63 70
71 70 63
72 74 73
75 73 74
76 78 77
79 77 78
80 82 81
83 81 82
84 86 85
87 85 86
88 90 89
91 89 90
92 94 93
95 93 94
96 98 97
99 97 98
100 102 101
103 101 102
104 106 105
107 105 106
108 110 109
111 109 110
112 114 113
115 113 114
116 118 117
119 117 118
120 122 121
123 121 122
124 126 125
127 125 126
128 130 129
131 129 130
132 134 133
135 133 134
136 138 137
139 137 138
140 142 141
143 141 142
144 146 145
147 145 146
148 150 149
151 149 150
152 154 153
155 153 154
156 158 157
159 157 158
160 162 161
163 161 162
164 166 165
167 165 166
168 170 169
171 169 170
172 174 173
175 173 174
176 178 177
179 177 178
180 182 181
183 181 182
184 186 185
187 185 186
188 190 189
191 189 190
192 194 193
195 193 194
196 198 197
199 197 198
200 202 201
203 201 202
204 206 205
207 205 206
208 210 209
211 209 210
212 214 213
215 213 214
216 218 217
219 217 218
220 222 221
223 221 222
224 226 225
227 225 226
228 230 229
231 229 230
232 234 233
235 233 234
236 232 237
233 237 232
238 236 239
237 239 236
234 238 235
239 235 238
240 242 241
243 241 242
244 246 245
247 245 246
248 250 249
251 249 250
252 254 253
255 253 254
256 258 257
259 257 258
260 262 261
263 261 262
264 266 265
267 265 266
268 270 269
271 269 270
272 274 273
275 273 274
276 278 277
279 277 278
280 282 281
283 281 282
284 286 285
287 285 286
288 290 289
291 289 290
292 294 293
295 293 294
296 298 297
299 297 298
300 302 301
303 301 302
304 306 305
307 305 306
308 310 309
311 309 310
312 314 313
315 313 314
316 318 317
319 317 318
320 322 321
323 321 322
324 326 325
327 325 326
327 328 325
329 325 328
330 332 331
333 331 332
334 336 335
337 335 336
336 338 337
339 337 338
338 340 339
341 339 340
340 334 341
335 341 334
342 344 343
345 343 344
346 348 347
349 347 348
350 352 351
353 351 352
354 356 355
357 355 356
358 360 359
361 359 360
362 364 363
365 363 364
366 368 367
369 367 368
367 369 365
363 365 369
370 372 371
373 371 372
374 376 375
377 375 376
378 380 379
381 379 380
379 381 382
383 382 381
382 383 384
385 384 383
386 388 387
389 387 388
390 392 391
393 391 392
394 396 395
397 395 396
398 400 399
401 399 400
400 402 401
403 401 402
402 404 403
405 403 404
404 398 405
399 405 398
406 408 407
409 407 408
410 412 411
413 411 412
414 416 415
417 415 416
418 420 419
421 419 420
422 424 423
425 423 424
426 428 427
429 427 428
430 432 431
433 431 432
434 436 435
437 435 436
438 440 439
441 439 440
442 444 443
445 443 444
446 448 447
449 447 448
450 452 451
453 451 452
454 456 455
457 455 456
458 460 459
461 459 460
462 464 463
465 463 464
466 468 467
469 467 468
470 472 471
473 471 472
474 476 475
477 475 476
478 480 479
481 479 480
482 484 483
485 483 484
486 488 487
489 487 488
490 492 491
493 491 492
494 496 495
497 495 496
498 500 499
501 499 500
502 504 503
505 503 504
506 508 507
509 507 508
510 512 511
513 511 512
514 516 515
517 515 516
518 520 519
521 519 520
522 524 523
525 523 524
526 527 58
60 58 527
528 529 54
56 54 529
530 531 50
52 50 531
532 533 3
1 3 533
534 535 526
527 526 535
536 537 528
529 528 537
538 539 530
531 530 539
540 542 541
543 541 542
544 546 545
547 545 546
548 550 549
551 549 550
552 554 553
555 553 554
556 558 557
559 557 558
560 562 561
563 561 562
564 566 565
567 565 566
568 570 569
571 569 570
572 574 573
575 573 574
576 578 577
579 577 578
580 582 581
583 581 582
582 584 583
585 583 584
584 586 585
587 585 586
586 580 587
581 587 580
588 590 589
591 589 590
592 594 593
595 593 594
596 598 597
599 597 598
600 602 601
603 601 602
604 606 605
607 605 606
608 610 609
611 609 610
612 614 613
615 613 614
616 618 617
619 617 618
620 622 621
623 621 622
624 626 625
627 625 626
626 628 627
629 627 628
628 630 629
631 629 630
630 624 631
625 631 624
632 634 633
635 633 634
636 638 637
639 637 638
640 642 641
643 641 642
644 646 645
647 645 646
648 650 649
651 649 650
652 654 653
655 653 654
656 658 657
659 657 658
660 662 661
663 661 662
664 666 665
667 665 666
668 670 669
671 669 670
670 672 671
673 671 672
672 674 673
675 673 674
674 668 675
669 675 668
676 678 677
679 677 678
680 682 681
683 681 682
684 686 685
687 685 686
688 690 689
691 689 690
692 694 693
695 693 694
696 698 697
699 697 698
700 702 701
703 701 702
704 706 705
707 705 706
708 710 709
711 709 710
712 714 713
715 713 714
716 718 717
719 717 718
720 722 721
723 721 722
724 726 725
727 725 726
728 730 729
731 729 730
732 734 733
735 733 734
736 738 737
739 737 738
740 742 741
743 741 742
744 745 734
735 734 745
746 748 747
749 747 748
750 752 751
753 751 752
754 756 755
757 755 756
755 757 753
751 753 757
758 760 759
761 759 760
762 764 763
765 763 764
763 765 766
767 766 765
766 767 768
769 768 767
770 772 771
773 771 772
774 776 775
777 775 776
775 777 778
779 778 777
778 779 780
781 780 779
782 784 783
785 783 784
786 788 787
789 787 788
787 789 785
783 785 789
790 792 791
793 791 792
794 796 795
797 795 796
795 797 798
799 798 797
798 799 800
801 800 799
802 804 803
805 803 804
806 808 807
809 807 808
810 812 811
813 811 812
811 813 809
807 809 813
814 816 815
817 815 816
818 820 819
821 819 820
819 821 822
823 822 821
822 823 824
825 824 823
826 828 827
829 827 828
830 832 831
833 831 832
831 833 834
835 834 833
834 835 836
837 836 835
838 840 839
841 839 840
842 844 843
845 843 844
846 848 847
849 847 848
850 852 851
853 851 852
854 856 855
857 855 856
858 860 859
861 859 860
862 864 863
865 863 864
866 868 867
869 867 868
870 872 871
873 871 872
874 876 875
877 875 876
878 880 879
881 879 880
882 884 883
885 883 884
886 888 887
889 887 888
890 892 891
893 891 892
894 896 895
897 895 896
898 900 899
901 899 900
902 904 903
905 903 904
906 908 907
909 907 908
910 912 911
913 911 912
914 916 915
917 915 916
918 920 919
921 919 920
922 924 923
925 923 924
926 928 927
929 927 928
930 932 931
933 931 932
934 936 935
937 935 936
938 940 939
941 939 940
942 944 943
945 943 944
946 948 947
949 947 948
950 952 951
953 951 952
954 956 955
957 955 956
953 958 951
959 951 958
960 962 961
963 961 962
963 964 961
965 961 964
957 966 955
967 955 966
