2 # bones
Body.fence01a reference.smd.mesh 1
-1
0 0 0
Body.fence01a reference.smd.mesh 0
-1
0 0 0
2 # meshes
7_Body.fence01a-reference.smd.mesh-1_0.1_16_16
1 # uv layers
1 # textures
fence_alpha.png
0 # uv layer index
8 # vertices
-0.140589 45.92133 60.22842
-1 0 0
255 255 255 255
-2.02159 1.843757
0 0 0 0
1 0 0 0
-0.140595 45.92133 -60.3577
-1 0 0
255 255 255 255
0.942489 -1.00615
0 0 0 0
1 0 0 0
-0.140599 -42.05019 -60.35769
-1 0 0
255 255 255 255
3.02159 1.156243
0 0 0 0
1 0 0 0
-0.140593 -42.05019 60.22842
-1 0 0
255 255 255 255
0.057511 4.006149
0 0 0 0
1 0 0 0
-0.280305 45.92133 -60.3577
1 0 0
255 255 255 255
0.942489 -1.00615
0 0 0 0
1 0 0 0
-0.280299 45.92133 60.22842
1 0 0
255 255 255 255
-2.02159 1.843757
0 0 0 0
1 0 0 0
-0.280303 -42.05019 60.22842
1 0 0
255 255 255 255
0.057511 4.006149
0 0 0 0
1 0 0 0
-0.280309 -42.05019 -60.3577
1 0 0
255 255 255 255
3.02159 1.156243
0 0 0 0
1 0 0 0
4 # faces
0 2 1
3 2 0
4 6 5
7 6 4
7_Body.fence01a-reference.smd.mesh-0_0.1_16_16
1 # uv layers
1 # textures
fence_composite01.png
0 # uv layer index
612 # vertices
-0.544433 -41.76777 60.3908
0.7214922 0.559737 0.407607
255 255 255 255
0.985995 1.999167
1 0 0 0
1 0 0 0
-0.233458 -42.06704 60.25143
0.7214922 0.559737 0.407607
255 255 255 255
0.991412 1.99959
1 0 0 0
1 0 0 0
-0.23346 45.61765 -60.15894
0.7214922 0.559737 0.407607
255 255 255 255
0.989444 1.000423
1 0 0 0
1 0 0 0
-0.544435 45.9169 -60.01939
0.7214922 0.559737 0.407607
255 255 255 255
0.986422 1
1 0 0 0
1 0 0 0
1.493224 52.26756 -64.49166
0 -1 -2.832769E-16
255 255 255 255
0.103003 1.132165
1 0 0 0
1 0 0 0
1.493224 52.26756 -62.57157
0 -1 -2.832769E-16
255 255 255 255
0.092706 1.132165
1 0 0 0
1 0 0 0
-0.169618 52.26756 -61.6115
0 -1 -2.832769E-16
255 255 255 255
0.087557 1.141083
1 0 0 0
1 0 0 0
-1.832459 52.26756 -64.49166
0 -1 -2.832769E-16
255 255 255 255
0.103003 1.150001
1 0 0 0
1 0 0 0
-1.832459 52.26756 -62.57157
0 -1 -2.832769E-16
255 255 255 255
0.092706 1.150001
1 0 0 0
1 0 0 0
-0.169618 52.26756 -65.45171
0 -1 -2.832769E-16
255 255 255 255
0.108152 1.141083
1 0 0 0
1 0 0 0
-0.169612 52.26756 61.87094
0 -1 -2.832769E-16
255 255 255 255
0.04315 1.140873
1 0 0 0
1 0 0 0
1.49323 52.26756 62.83099
0 -1 -2.832769E-16
255 255 255 255
0.038422 1.132684
1 0 0 0
1 0 0 0
-1.832453 52.26756 62.83099
0 -1 -2.832769E-16
255 255 255 255
0.038422 1.149061
1 0 0 0
1 0 0 0
-0.169612 52.26756 65.71115
0 -1 -2.832769E-16
255 255 255 255
0.02424 1.140873
1 0 0 0
1 0 0 0
-1.832453 52.26756 64.75108
0 -1 -2.832769E-16
255 255 255 255
0.028967 1.149061
1 0 0 0
1 0 0 0
1.49323 52.26756 64.75108
0 -1 -2.832769E-16
255 255 255 255
0.028967 1.132684
1 0 0 0
1 0 0 0
1.921418 -36.54336 63.82079
0 1 2.832769E-16
255 255 255 255
0.147588 1.032313
1 0 0 0
1 0 0 0
0.554536 -36.54336 61.62078
0 1 2.832769E-16
255 255 255 255
0.157983 1.026195
1 0 0 0
1 0 0 0
0.837403 -36.54336 67.25324
0 1 2.832769E-16
255 255 255 255
0.131369 1.027461
1 0 0 0
1 0 0 0
0.160798 -36.54336 60.10999
0 1 2.832769E-16
255 255 255 255
0.165122 1.024433
1 0 0 0
1 0 0 0
-0.875915 -36.54336 60.10999
0 1 2.832769E-16
255 255 255 255
0.165122 1.019793
1 0 0 0
1 0 0 0
-0.875915 -36.54336 61.62078
0 1 2.832769E-16
255 255 255 255
0.157983 1.019793
1 0 0 0
1 0 0 0
-2.182738 -36.54336 63.82079
0 1 2.832769E-16
255 255 255 255
0.147588 1.013944
1 0 0 0
1 0 0 0
-1.100341 -36.54336 67.25324
0 1 2.832769E-16
255 255 255 255
0.131369 1.018789
1 0 0 0
1 0 0 0
-0.20429 -54.36244 -61.95843
0 -1 -2.832769E-16
255 255 255 255
0.113013 1.141701
1 0 0 0
1 0 0 0
-1.341008 -54.36244 -62.42934
0 -1 -2.832769E-16
255 255 255 255
0.115899 1.148666
1 0 0 0
1 0 0 0
-1.811956 -54.36244 -63.56622
0 -1 -2.832769E-16
255 255 255 255
0.122865 1.151552
1 0 0 0
1 0 0 0
0.932673 -54.36244 -62.42934
0 -1 -2.832769E-16
255 255 255 255
0.115899 1.134735
1 0 0 0
1 0 0 0
1.40362 -54.36244 -63.56622
0 -1 -2.832769E-16
255 255 255 255
0.122865 1.131849
1 0 0 0
1 0 0 0
0.932673 -54.36244 -64.70307
0 -1 -2.832769E-16
255 255 255 255
0.129831 1.134735
1 0 0 0
1 0 0 0
-0.20429 -54.36244 -65.17399
0 -1 -2.832769E-16
255 255 255 255
0.132716 1.141701
1 0 0 0
1 0 0 0
-1.341008 -54.36244 -64.70307
0 -1 -2.832769E-16
255 255 255 255
0.129831 1.148666
1 0 0 0
1 0 0 0
-0.198793 42.51324 -66.65618
0 1 2.832769E-16
255 255 255 255
0.243289 1.120837
1 0 0 0
1 0 0 0
-0.665498 42.51324 -66.18948
0 1 2.832769E-16
255 255 255 255
0.248407 1.120787
1 0 0 0
1 0 0 0
-0.210755 42.51324 -65.73476
0 1 2.832769E-16
255 255 255 255
0.248358 1.1158
1 0 0 0
1 0 0 0
0.25595 42.51324 -66.20145
0 1 2.832769E-16
255 255 255 255
0.24324 1.115851
1 0 0 0
1 0 0 0
-0.875915 -37.83197 61.62078
0 -1 -2.832769E-16
255 255 255 255
0.15857 1.047124
1 0 0 0
1 0 0 0
-0.875915 -37.83197 60.10999
0 -1 -2.832769E-16
255 255 255 255
0.166095 1.047124
1 0 0 0
1 0 0 0
0.160798 -37.83197 60.10999
0 -1 -2.832769E-16
255 255 255 255
0.166095 1.042233
1 0 0 0
1 0 0 0
0.554536 -37.83197 61.62078
0 -1 -2.832769E-16
255 255 255 255
0.15857 1.040375
1 0 0 0
1 0 0 0
-2.217467 -37.83197 63.81011
0 -1 -2.832769E-16
255 255 255 255
0.147666 1.053453
1 0 0 0
1 0 0 0
1.88672 -37.83197 63.81011
0 -1 -2.832769E-16
255 255 255 255
0.147666 1.03409
1 0 0 0
1 0 0 0
0.802705 -37.83197 67.25957
0 -1 -2.832769E-16
255 255 255 255
0.130484 1.039204
1 0 0 0
1 0 0 0
-1.135039 -37.83197 67.25957
0 -1 -2.832769E-16
255 255 255 255
0.130484 1.048346
1 0 0 0
1 0 0 0
0.942899 0.997362 -65.8612
0 1 2.832769E-16
255 255 255 255
0.158705 1.104365
1 0 0 0
1 0 0 0
-1.146701 0.997355 -65.87945
0 1 2.832769E-16
255 255 255 255
0.158794 1.094243
1 0 0 0
1 0 0 0
-1.928561 0.997355 -63.66366
0 1 2.832769E-16
255 255 255 255
0.148061 1.090456
1 0 0 0
1 0 0 0
2.217435 0.997362 -63.72878
0 1 2.832769E-16
255 255 255 255
0.148376 1.110538
1 0 0 0
1 0 0 0
0.938046 0.997361 -61.57391
0 1 2.832769E-16
255 255 255 255
0.137939 1.104341
1 0 0 0
1 0 0 0
-1.189883 0.997355 -61.59212
0 1 2.832769E-16
255 255 255 255
0.138027 1.094034
1 0 0 0
1 0 0 0
0.435605 0.997362 -60.12434
0 1 2.832769E-16
255 255 255 255
0.130918 1.101908
1 0 0 0
1 0 0 0
-1.20502 0.997355 -60.14257
0 1 2.832769E-16
255 255 255 255
0.131006 1.093961
1 0 0 0
1 0 0 0
0.25595 42.51324 -66.20145
0.7071068 -2.003071E-16 0.7071068
255 255 255 255
0.243449 1.121597
1 0 0 0
1 0 0 0
-0.210755 42.51324 -65.73476
0.7071068 -2.003071E-16 0.7071068
255 255 255 255
0.239862 1.121611
1 0 0 0
1 0 0 0
-0.210755 40.02512 -65.73476
0.7071068 -2.003071E-16 0.7071068
255 255 255 255
0.239915 1.138441
1 0 0 0
1 0 0 0
0.25595 40.02512 -66.20145
0.7071068 -2.003071E-16 0.7071068
255 255 255 255
0.243449 1.138427
1 0 0 0
1 0 0 0
1.921418 -36.54336 63.82079
0.9922424 -0.01946921 -0.1227842
255 255 255 255
0.176738 1.068155
1 0 0 0
1 0 0 0
0.837403 -36.54336 67.25324
0.9534692 -0.02615712 0.3003537
255 255 255 255
0.157618 1.068234
1 0 0 0
1 0 0 0
0.802705 -37.83197 67.25957
0.9534692 -0.02615712 0.3003537
255 255 255 255
0.15754 1.075431
1 0 0 0
1 0 0 0
1.88672 -37.83197 63.81011
0.9922424 -0.01946921 -0.1227842
255 255 255 255
0.17681 1.075351
1 0 0 0
1 0 0 0
0.554536 -36.54336 61.62078
0.9198303 -0.004687591 -0.3922888
255 255 255 255
0.197011 1.068255
1 0 0 0
1 0 0 0
0.554536 -37.83197 61.62078
0.9198303 -0.004687591 -0.3922888
255 255 255 255
0.196897 1.075449
1 0 0 0
1 0 0 0
0.160798 -36.54336 60.10999
0.967677 7.144043E-17 -0.2521929
255 255 255 255
0.200727 1.068284
1 0 0 0
1 0 0 0
0.160798 -37.83197 60.10999
0.967677 7.144043E-17 -0.2521929
255 255 255 255
0.200654 1.075477
1 0 0 0
1 0 0 0
-1.899686 -0.508551 63.74616
-0.9999147 -3.700336E-18 0.01306261
255 255 255 255
0.130851 1.066282
1 0 0 0
1 0 0 0
-1.218198 -0.508551 65.86037
-0.9517772 -8.690654E-17 0.30679
255 255 255 255
0.142708 1.066341
1 0 0 0
1 0 0 0
-1.218198 0.997355 65.86037
-0.9517772 -8.690654E-17 0.30679
255 255 255 255
0.142722 1.056653
1 0 0 0
1 0 0 0
-1.899686 0.997355 63.74616
-0.9999147 -3.700336E-18 0.01306261
255 255 255 255
0.130894 1.056593
1 0 0 0
1 0 0 0
0.871402 -0.508544 65.84212
0.4972323 -2.45776E-16 0.8676174
255 255 255 255
0.153313 1.066341
1 0 0 0
1 0 0 0
2.145938 -0.508544 63.70971
0.858363 -1.453332E-16 0.5130428
255 255 255 255
0.168174 1.066281
1 0 0 0
1 0 0 0
2.145938 0.997362 63.70971
0.858363 -1.453332E-16 0.5130428
255 255 255 255
0.16813 1.056592
1 0 0 0
1 0 0 0
0.871402 0.997362 65.84212
0.4972323 -2.45776E-16 0.8676174
255 255 255 255
0.153304 1.056652
1 0 0 0
1 0 0 0
-1.218198 -0.508551 65.86037
0.008718965 -2.832662E-16 0.9999621
255 255 255 255
0.142708 1.066341
1 0 0 0
1 0 0 0
-1.218198 0.997355 65.86037
0.008718965 -2.832662E-16 0.9999621
255 255 255 255
0.142722 1.056653
1 0 0 0
1 0 0 0
0.364108 -0.508544 60.10526
0.94486 9.276595E-17 -0.3274744
255 255 255 255
0.196195 1.06618
1 0 0 0
1 0 0 0
0.364108 0.997362 60.10526
0.94486 9.276595E-17 -0.3274744
255 255 255 255
0.196193 1.056491
1 0 0 0
1 0 0 0
0.86655 -0.508544 61.55483
0.9069847 1.19306E-16 -0.4211636
255 255 255 255
0.190141 1.06622
1 0 0 0
1 0 0 0
0.86655 0.997362 61.55483
0.9069847 1.19306E-16 -0.4211636
255 255 255 255
0.190112 1.056532
1 0 0 0
1 0 0 0
2.145938 -0.508544 63.70971
0.8598689 1.446171E-16 -0.5105149
255 255 255 255
0.168174 1.066281
1 0 0 0
1 0 0 0
2.145938 0.997362 63.70971
0.8598689 1.446171E-16 -0.5105149
255 255 255 255
0.16813 1.056592
1 0 0 0
1 0 0 0
-0.198791 -35.91723 66.65618
-0.7071068 -2.003071E-16 0.7071068
255 255 255 255
0.256498 1.149891
1 0 0 0
1 0 0 0
-0.665496 -35.91723 66.18949
-0.7071068 -2.003071E-16 0.7071068
255 255 255 255
0.252838 1.149905
1 0 0 0
1 0 0 0
-0.665496 -38.40535 66.18949
-0.7071068 -2.003071E-16 0.7071068
255 255 255 255
0.252837 1.167334
1 0 0 0
1 0 0 0
-0.198791 -38.40535 66.65618
-0.7071068 -2.003071E-16 0.7071068
255 255 255 255
0.256552 1.167319
1 0 0 0
1 0 0 0
-0.198793 42.51324 -66.65618
0.7071068 2.003071E-16 -0.7071068
255 255 255 255
0.24692 1.121611
1 0 0 0
1 0 0 0
0.25595 42.51324 -66.20145
0.7071068 2.003071E-16 -0.7071068
255 255 255 255
0.243449 1.121597
1 0 0 0
1 0 0 0
0.25595 40.02512 -66.20145
0.7071068 2.003071E-16 -0.7071068
255 255 255 255
0.243449 1.138427
1 0 0 0
1 0 0 0
-0.198793 40.02512 -66.65618
0.7071068 2.003071E-16 -0.7071068
255 255 255 255
0.246867 1.138441
1 0 0 0
1 0 0 0
-0.198791 -38.40535 66.65618
0 -1 -2.832769E-16
255 255 255 255
0.252899 1.142079
1 0 0 0
1 0 0 0
-0.665496 -38.40535 66.18949
0 -1 -2.832769E-16
255 255 255 255
0.259317 1.142079
1 0 0 0
1 0 0 0
-0.210753 -38.40535 65.73475
0 -1 -2.832769E-16
255 255 255 255
0.259317 1.148333
1 0 0 0
1 0 0 0
0.255952 -38.40535 66.20145
0 -1 -2.832769E-16
255 255 255 255
0.252899 1.148333
1 0 0 0
1 0 0 0
-0.198787 42.51324 66.65618
0.7071068 -2.003071E-16 0.7071068
255 255 255 255
0.239923 1.149866
1 0 0 0
1 0 0 0
-0.198787 40.02512 66.65618
0.7071068 -2.003071E-16 0.7071068
255 255 255 255
0.239977 1.167421
1 0 0 0
1 0 0 0
0.255956 40.02512 66.20145
0.7071068 -2.003071E-16 0.7071068
255 255 255 255
0.243543 1.167407
1 0 0 0
1 0 0 0
0.255956 42.51324 66.20145
0.7071068 -2.003071E-16 0.7071068
255 255 255 255
0.243543 1.149852
1 0 0 0
1 0 0 0
0.255952 -38.40535 66.20145
0.7071068 2.003071E-16 -0.7071068
255 255 255 255
0.260092 1.167306
1 0 0 0
1 0 0 0
-0.210753 -38.40535 65.73475
0.7071068 2.003071E-16 -0.7071068
255 255 255 255
0.263752 1.16732
1 0 0 0
1 0 0 0
-0.210753 -35.91723 65.73475
0.7071068 2.003071E-16 -0.7071068
255 255 255 255
0.263806 1.149891
1 0 0 0
1 0 0 0
0.255952 -35.91723 66.20145
0.7071068 2.003071E-16 -0.7071068
255 255 255 255
0.260092 1.149877
1 0 0 0
1 0 0 0
-0.210759 -38.40535 -65.73476
-0.7071068 -2.003071E-16 0.7071068
255 255 255 255
0.255255 1.138392
1 0 0 0
1 0 0 0
-0.210759 -35.91723 -65.73476
-0.7071068 -2.003071E-16 0.7071068
255 255 255 255
0.255203 1.121735
1 0 0 0
1 0 0 0
-0.665502 -35.91723 -66.18948
-0.7071068 -2.003071E-16 0.7071068
255 255 255 255
0.251819 1.121748
1 0 0 0
1 0 0 0
-0.665502 -38.40535 -66.18948
-0.7071068 -2.003071E-16 0.7071068
255 255 255 255
0.25182 1.138405
1 0 0 0
1 0 0 0
0.255952 -35.91723 66.20145
0 1 2.832769E-16
255 255 255 255
0.260139 1.148259
1 0 0 0
1 0 0 0
-0.210753 -35.91723 65.73475
0 1 2.832769E-16
255 255 255 255
0.266557 1.148259
1 0 0 0
1 0 0 0
-0.665496 -35.91723 66.18949
0 1 2.832769E-16
255 255 255 255
0.266557 1.142004
1 0 0 0
1 0 0 0
-0.198791 -35.91723 66.65618
0 1 2.832769E-16
255 255 255 255
0.260139 1.142004
1 0 0 0
1 0 0 0
-0.198791 -35.91723 66.65618
0.7071068 -2.003071E-16 0.7071068
255 255 255 255
0.256498 1.149891
1 0 0 0
1 0 0 0
-0.198791 -38.40535 66.65618
0.7071068 -2.003071E-16 0.7071068
255 255 255 255
0.256552 1.167319
1 0 0 0
1 0 0 0
0.255952 -38.40535 66.20145
0.7071068 -2.003071E-16 0.7071068
255 255 255 255
0.260092 1.167306
1 0 0 0
1 0 0 0
0.255952 -35.91723 66.20145
0.7071068 -2.003071E-16 0.7071068
255 255 255 255
0.260092 1.149877
1 0 0 0
1 0 0 0
-0.210755 40.02512 -65.73476
-0.7071068 -2.003071E-16 0.7071068
255 255 255 255
0.239915 1.138441
1 0 0 0
1 0 0 0
-0.210755 42.51324 -65.73476
-0.7071068 -2.003071E-16 0.7071068
255 255 255 255
0.239862 1.121611
1 0 0 0
1 0 0 0
-0.665498 42.51324 -66.18948
-0.7071068 -2.003071E-16 0.7071068
255 255 255 255
0.236444 1.121625
1 0 0 0
1 0 0 0
-0.665498 40.02512 -66.18948
-0.7071068 -2.003071E-16 0.7071068
255 255 255 255
0.236444 1.138454
1 0 0 0
1 0 0 0
-1.145936 54.04323 -62.96915
-0.4460136 0.8571824 0.2575078
255 255 255 255
0.070657 1.132512
1 0 0 0
1 0 0 0
-0.185243 54.04323 -62.41459
0 0.8571812 0.515015
255 255 255 255
0.065784 1.140953
1 0 0 0
1 0 0 0
-0.185243 54.36244 -63.52375
0 1 2.832769E-16
255 255 255 255
0.075531 1.140953
1 0 0 0
1 0 0 0
-1.145936 54.04323 -64.07832
-0.4460136 0.8571824 -0.2575078
255 255 255 255
0.080404 1.132512
1 0 0 0
1 0 0 0
-0.185243 54.04323 -64.63291
0 0.8571812 -0.515015
255 255 255 255
0.085277 1.140953
1 0 0 0
1 0 0 0
0.775207 54.04323 -64.07832
0.4460386 0.8571704 -0.2575043
255 255 255 255
0.080404 1.149393
1 0 0 0
1 0 0 0
0.775207 54.04323 -62.96915
0.4460386 0.8571704 0.2575043
255 255 255 255
0.070657 1.149393
1 0 0 0
1 0 0 0
-0.198797 -35.91723 -66.65618
0.7071068 2.003071E-16 -0.7071068
255 255 255 255
0.262188 1.121735
1 0 0 0
1 0 0 0
0.255946 -35.91723 -66.20145
0.7071068 2.003071E-16 -0.7071068
255 255 255 255
0.258753 1.121722
1 0 0 0
1 0 0 0
0.255946 -38.40535 -66.20145
0.7071068 2.003071E-16 -0.7071068
255 255 255 255
0.258752 1.138379
1 0 0 0
1 0 0 0
-0.198797 -38.40535 -66.65618
0.7071068 2.003071E-16 -0.7071068
255 255 255 255
0.262136 1.138392
1 0 0 0
1 0 0 0
-1.189883 0.997355 -61.59212
-0.9862458 -4.682166E-17 0.1652858
255 255 255 255
0.155294 1.138269
1 0 0 0
1 0 0 0
-1.928561 0.997355 -63.66366
-0.9999987 -4.603388E-19 0.001625049
255 255 255 255
0.138817 1.138318
1 0 0 0
1 0 0 0
-1.928561 -0.508551 -63.66366
-0.9999987 -4.603388E-19 0.001625049
255 255 255 255
0.138859 1.146397
1 0 0 0
1 0 0 0
-1.189883 -0.508551 -61.59212
-0.9862458 -4.682166E-17 0.1652858
255 255 255 255
0.155328 1.146349
1 0 0 0
1 0 0 0
-1.20502 0.997355 -60.14257
-0.9999455 2.956727E-18 -0.01043758
255 255 255 255
0.159958 1.138235
1 0 0 0
1 0 0 0
-1.20502 -0.508551 -60.14257
-0.9999455 2.956727E-18 -0.01043758
255 255 255 255
0.159971 1.146315
1 0 0 0
1 0 0 0
-0.597663 49.25466 -63.55837
-0.8877683 0.4602907 1.303898E-16
255 255 255 255
0.137149 1.170096
1 0 0 0
1 0 0 0
-1.05381 48.3749 -63.55837
-1 0 0
255 255 255 255
0.133227 1.170096
1 0 0 0
1 0 0 0
-1.053804 48.3749 63.76077
-1 0 0
255 255 255 255
0.132427 1.997583
1 0 0 0
1 0 0 0
-0.597662 49.25465 63.76077
-0.8877683 0.4602907 1.303898E-16
255 255 255 255
0.136349 1.997583
1 0 0 0
1 0 0 0
0.25595 40.02512 -66.20145
0 -1 -2.832769E-16
255 255 255 255
0.236921 1.115911
1 0 0 0
1 0 0 0
-0.210755 40.02512 -65.73476
0 -1 -2.832769E-16
255 255 255 255
0.242039 1.115861
1 0 0 0
1 0 0 0
-0.665498 40.02512 -66.18948
0 -1 -2.832769E-16
255 255 255 255
0.242088 1.120847
1 0 0 0
1 0 0 0
-0.198793 40.02512 -66.65618
0 -1 -2.832769E-16
255 255 255 255
0.23697 1.120898
1 0 0 0
1 0 0 0
-0.597662 49.25465 63.76077
0 1 2.832769E-16
255 255 255 255
0.136349 1.997583
1 0 0 0
1 0 0 0
0.249639 49.25463 63.76077
0 1 2.832769E-16
255 255 255 255
0.139486 1.997583
1 0 0 0
1 0 0 0
0.249633 49.25463 -63.55837
0 1 2.832769E-16
255 255 255 255
0.140286 1.170096
1 0 0 0
1 0 0 0
-0.597663 49.25466 -63.55837
0 1 2.832769E-16
255 255 255 255
0.137149 1.170096
1 0 0 0
1 0 0 0
-1.05381 48.3749 -63.55837
-1 0 0
255 255 255 255
0.155188 1.170096
1 0 0 0
1 0 0 0
-0.597597 47.49512 -63.55837
-0.887749 -0.4603282 -1.304004E-16
255 255 255 255
0.151266 1.170096
1 0 0 0
1 0 0 0
-0.597591 47.49512 63.76077
-0.887749 -0.4603282 -1.304004E-16
255 255 255 255
0.150466 1.997583
1 0 0 0
1 0 0 0
-1.053804 48.3749 63.76077
-1 0 0
255 255 255 255
0.154388 1.997583
1 0 0 0
1 0 0 0
-0.597597 47.49512 -63.55837
0 -1 -2.832769E-16
255 255 255 255
0.151266 1.170096
1 0 0 0
1 0 0 0
0.249702 47.49509 -63.55837
0 -1 -2.832769E-16
255 255 255 255
0.148129 1.170096
1 0 0 0
1 0 0 0
0.249706 47.49509 63.76077
0 -1 -2.832769E-16
255 255 255 255
0.147329 1.997583
1 0 0 0
1 0 0 0
-0.597591 47.49512 63.76077
0 -1 -2.832769E-16
255 255 255 255
0.150466 1.997583
1 0 0 0
1 0 0 0
0.705847 48.37485 -63.55837
1 0 0
255 255 255 255
0.144208 1.170096
1 0 0 0
1 0 0 0
0.249633 49.25463 -63.55837
0.887749 0.4603282 1.304004E-16
255 255 255 255
0.140286 1.170096
1 0 0 0
1 0 0 0
0.249639 49.25463 63.76077
0.887749 0.4603282 1.304004E-16
255 255 255 255
0.139486 1.997583
1 0 0 0
1 0 0 0
0.705851 48.37484 63.76077
1 0 0
255 255 255 255
0.143408 1.997583
1 0 0 0
1 0 0 0
0.249702 47.49509 -63.55837
0.8877683 -0.4602907 -1.303898E-16
255 255 255 255
0.148129 1.170096
1 0 0 0
1 0 0 0
0.249706 47.49509 63.76077
0.8877683 -0.4602907 -1.303898E-16
255 255 255 255
0.147329 1.997583
1 0 0 0
1 0 0 0
-0.433141 -42.822 -60.6529
0.00481259 -0.9999875 0.001375026
255 255 255 255
0.269347 1.171932
1 0 0 0
1 0 0 0
0.012782 -42.822 -60.6529
0.00481259 -0.9999875 0.001375026
255 255 255 255
0.267057 1.171932
1 0 0 0
1 0 0 0
-0.056365 -42.65222 60.76006
0.00481259 -0.9999875 0.001375026
255 255 255 255
0.271445 1.996627
1 0 0 0
1 0 0 0
-0.502288 -42.65652 60.76835
0.00481259 -0.9999875 0.001375026
255 255 255 255
0.27453 1.996684
1 0 0 0
1 0 0 0
-0.493769 46.46395 60.77129
0.009406421 -6.250114E-05 0.9999558
255 255 255 255
0.199432 1.171252
1 0 0 0
1 0 0 0
-0.502288 -42.65652 60.76835
0.009406421 -6.250114E-05 0.9999558
255 255 255 255
0.19825 1.997272
1 0 0 0
1 0 0 0
-0.056365 -42.65222 60.76006
0.009406421 -6.250114E-05 0.9999558
255 255 255 255
0.20222 1.997233
1 0 0 0
1 0 0 0
-0.061549 46.46395 60.77129
0.009406421 -6.250114E-05 0.9999558
255 255 255 255
0.205095 1.171252
1 0 0 0
1 0 0 0
0.077025 46.45067 -60.65509
0 2.832769E-16 -1
255 255 255 255
0.223606 1.168576
1 0 0 0
1 0 0 0
0.012782 -42.822 -60.6529
0 2.832769E-16 -1
255 255 255 255
0.228774 1.997411
1 0 0 0
1 0 0 0
-0.433141 -42.822 -60.6529
0 2.832769E-16 -1
255 255 255 255
0.231512 1.997393
1 0 0 0
1 0 0 0
-0.564668 46.45068 -60.65509
0 2.832769E-16 -1
255 255 255 255
0.227684 1.16855
1 0 0 0
1 0 0 0
0.077025 46.45067 -60.65509
0 1 -9.375293E-05
255 255 255 255
0.24525 1.174614
1 0 0 0
1 0 0 0
-0.564668 46.45068 -60.65509
0 1 -9.375293E-05
255 255 255 255
0.241873 1.174614
1 0 0 0
1 0 0 0
-0.493769 46.46395 60.77129
0 1 -9.375293E-05
255 255 255 255
0.24767 1.997627
1 0 0 0
1 0 0 0
-0.061549 46.46395 60.77129
0 1 -9.375293E-05
255 255 255 255
0.250119 1.997627
1 0 0 0
1 0 0 0
-0.502288 -41.72771 60.10174
0 0.9999999 -0.0005625176
255 255 255 255
0.26188 1.992175
1 0 0 0
1 0 0 0
-0.056365 -41.72771 60.10174
0 0.9999999 -0.0005625176
255 255 255 255
0.264145 1.992175
1 0 0 0
1 0 0 0
0.075312 -41.79807 -59.99734
0 0.9999999 -0.0005625176
255 255 255 255
0.260533 1.176366
1 0 0 0
1 0 0 0
-0.433141 -41.79807 -59.99734
0 0.9999999 -0.0005625176
255 255 255 255
0.257644 1.176366
1 0 0 0
1 0 0 0
0.075312 -41.79807 -59.99734
0 -0.0001250039 1
255 255 255 255
0.238641 1.987931
1 0 0 0
1 0 0 0
0.077025 45.80067 -59.98508
0 -0.0001250039 1
255 255 255 255
0.237659 1.174595
1 0 0 0
1 0 0 0
-0.564668 45.80067 -59.98509
0 -0.0001250039 1
255 255 255 255
0.233572 1.174569
1 0 0 0
1 0 0 0
-0.433141 -41.79807 -59.99734
0 -0.0001250039 1
255 255 255 255
0.235265 1.987911
1 0 0 0
1 0 0 0
-0.061549 45.78353 60.10131
0 2.832769E-16 -1
255 255 255 255
0.210084 1.177543
1 0 0 0
1 0 0 0
-0.056365 -41.72771 60.10174
0 2.832769E-16 -1
255 255 255 255
0.207452 1.988749
1 0 0 0
1 0 0 0
-0.502288 -41.72771 60.10174
0 2.832769E-16 -1
255 255 255 255
0.213451 1.988749
1 0 0 0
1 0 0 0
-0.493769 45.78353 60.10131
0 2.832769E-16 -1
255 255 255 255
0.212303 1.177543
1 0 0 0
1 0 0 0
0.077025 45.80067 -59.98508
0 -1 -0.0001250039
255 255 255 255
0.248696 1.179115
1 0 0 0
1 0 0 0
-0.061549 45.78353 60.10131
0 -1 -0.0001250039
255 255 255 255
0.254815 1.993126
1 0 0 0
1 0 0 0
-0.493769 45.78353 60.10131
0 -1 -0.0001250039
255 255 255 255
0.257264 1.993126
1 0 0 0
1 0 0 0
-0.564668 45.80067 -59.98509
0 -1 -0.0001250039
255 255 255 255
0.252099 1.179115
1 0 0 0
1 0 0 0
-0.584978 -44.60165 -63.55837
-0.8825129 0.4702881 1.332218E-16
255 255 255 255
0.178416 1.169784
1 0 0 0
1 0 0 0
-1.053813 -45.4814 -63.55837
-1 0 0
255 255 255 255
0.17441 1.169784
1 0 0 0
1 0 0 0
-1.053807 -45.4814 63.76077
-1 0 0
255 255 255 255
0.17361 1.997421
1 0 0 0
1 0 0 0
-0.584977 -44.60166 63.76077
-0.8825129 0.4702881 1.332218E-16
255 255 255 255
0.177616 1.997421
1 0 0 0
1 0 0 0
-0.584977 -44.60166 63.76077
0 1 2.832769E-16
255 255 255 255
0.177616 1.997421
1 0 0 0
1 0 0 0
0.236947 -44.60168 63.76077
0 1 2.832769E-16
255 255 255 255
0.180705 1.997421
1 0 0 0
1 0 0 0
0.236941 -44.60168 -63.55837
0 1 2.832769E-16
255 255 255 255
0.181505 1.169784
1 0 0 0
1 0 0 0
-0.584978 -44.60165 -63.55837
0 1 2.832769E-16
255 255 255 255
0.178416 1.169784
1 0 0 0
1 0 0 0
-1.053813 -45.4814 -63.55837
-1 0 0
255 255 255 255
0.196613 1.169784
1 0 0 0
1 0 0 0
-0.584915 -46.36119 -63.55837
-0.8824931 -0.4703255 -1.332324E-16
255 255 255 255
0.192606 1.169784
1 0 0 0
1 0 0 0
-0.584909 -46.36119 63.76077
-0.8824931 -0.4703255 -1.332324E-16
255 255 255 255
0.191806 1.997421
1 0 0 0
1 0 0 0
-1.053807 -45.4814 63.76077
-1 0 0
255 255 255 255
0.195813 1.997421
1 0 0 0
1 0 0 0
-0.584915 -46.36119 -63.55837
0 -1 -2.832769E-16
255 255 255 255
0.192606 1.169784
1 0 0 0
1 0 0 0
0.237007 -46.36121 -63.55837
0 -1 -2.832769E-16
255 255 255 255
0.189518 1.169784
1 0 0 0
1 0 0 0
0.237015 -46.36121 63.76077
0 -1 -2.832769E-16
255 255 255 255
0.188718 1.997421
1 0 0 0
1 0 0 0
-0.584909 -46.36119 63.76077
0 -1 -2.832769E-16
255 255 255 255
0.191806 1.997421
1 0 0 0
1 0 0 0
0.705844 -45.48146 -63.55837
1 0 0
255 255 255 255
0.185512 1.169784
1 0 0 0
1 0 0 0
0.236941 -44.60168 -63.55837
0.8824931 0.4703255 1.332324E-16
255 255 255 255
0.181505 1.169784
1 0 0 0
1 0 0 0
0.236947 -44.60168 63.76077
0.8824931 0.4703255 1.332324E-16
255 255 255 255
0.180705 1.997421
1 0 0 0
1 0 0 0
0.705848 -45.48146 63.76077
1 0 0
255 255 255 255
0.184711 1.997421
1 0 0 0
1 0 0 0
0.237007 -46.36121 -63.55837
0.8825129 -0.4702881 -1.332218E-16
255 255 255 255
0.189518 1.169784
1 0 0 0
1 0 0 0
0.237015 -46.36121 63.76077
0.8825129 -0.4702881 -1.332218E-16
255 255 255 255
0.188718 1.997421
1 0 0 0
1 0 0 0
2.217435 -0.508544 -63.72878
0 -1 -2.832769E-16
255 255 255 255
0.147319 1.112061
1 0 0 0
1 0 0 0
0.938046 -0.508544 -61.57391
0 -1 -2.832769E-16
255 255 255 255
0.136292 1.118608
1 0 0 0
1 0 0 0
-1.146701 -0.508551 -65.87945
0 -1 -2.832769E-16
255 255 255 255
0.158326 1.129277
1 0 0 0
1 0 0 0
0.942899 -0.508544 -65.8612
0 -1 -2.832769E-16
255 255 255 255
0.158232 1.118583
1 0 0 0
1 0 0 0
-1.189883 -0.508551 -61.59212
0 -1 -2.832769E-16
255 255 255 255
0.136385 1.129498
1 0 0 0
1 0 0 0
-1.928561 -0.508551 -63.66366
0 -1 -2.832769E-16
255 255 255 255
0.146986 1.133278
1 0 0 0
1 0 0 0
-1.20502 -0.508551 -60.14257
0 -1 -2.832769E-16
255 255 255 255
0.128967 1.129575
1 0 0 0
1 0 0 0
0.435605 -0.508544 -60.12434
0 -1 -2.832769E-16
255 255 255 255
0.128873 1.121179
1 0 0 0
1 0 0 0
0.077025 45.80067 -59.98508
0.9997369 -0.0001562528 -0.02293792
255 255 255 255
0.22 1.174595
1 0 0 0
1 0 0 0
0.075312 -41.79807 -59.99734
0.9996024 -0.01621889 -0.0230627
255 255 255 255
0.219983 1.987931
1 0 0 0
1 0 0 0
0.012782 -42.822 -60.6529
0.9996024 -0.01621889 -0.0230627
255 255 255 255
0.228774 1.997411
1 0 0 0
1 0 0 0
0.077025 46.45067 -60.65509
0.9997369 -0.0001562528 -0.02293792
255 255 255 255
0.223606 1.168576
1 0 0 0
1 0 0 0
-0.564668 46.45068 -60.65509
-0.9999996 -0.0007187722 0.0005000154
255 255 255 255
0.227684 1.16855
1 0 0 0
1 0 0 0
-0.433141 -42.822 -60.6529
-0.9999998 -0.0007187723 -6.250194E-05
255 255 255 255
0.231512 1.997393
1 0 0 0
1 0 0 0
-0.433141 -41.79807 -59.99734
-0.9999998 -0.0007187723 -6.250194E-05
255 255 255 255
0.235265 1.987911
1 0 0 0
1 0 0 0
-0.564668 45.80067 -59.98509
-0.9999996 -0.0007187722 0.0005000154
255 255 255 255
0.233572 1.174569
1 0 0 0
1 0 0 0
-0.544435 45.9169 -60.01939
-1 0 0
255 255 255 255
0.99924 1
1 0 0 0
1 0 0 0
-0.544435 45.32692 -60.29447
-1 0 0
255 255 255 255
0.994766 1.000833
1 0 0 0
1 0 0 0
-0.544433 -42.35774 60.11572
-1 0 0
255 255 255 255
0.99434 2
1 0 0 0
1 0 0 0
-0.544433 -41.76777 60.3908
-1 0 0
255 255 255 255
0.998814 1.999167
1 0 0 0
1 0 0 0
-1.218198 -0.508551 65.86037
0 -1 -2.832769E-16
255 255 255 255
0.204652 1.049796
1 0 0 0
1 0 0 0
-1.899686 -0.508551 63.74616
0 -1 -2.832769E-16
255 255 255 255
0.21503 1.052964
1 0 0 0
1 0 0 0
-1.26138 -0.508551 61.57305
0 -1 -2.832769E-16
255 255 255 255
0.225696 1.049996
1 0 0 0
1 0 0 0
0.871402 -0.508544 65.84212
0 -1 -2.832769E-16
255 255 255 255
0.204742 1.040082
1 0 0 0
1 0 0 0
2.145938 -0.508544 63.70971
0 -1 -2.832769E-16
255 255 255 255
0.215208 1.034156
1 0 0 0
1 0 0 0
0.86655 -0.508544 61.55483
0 -1 -2.832769E-16
255 255 255 255
0.225785 1.040104
1 0 0 0
1 0 0 0
0.364108 -0.508544 60.10526
0 -1 -2.832769E-16
255 255 255 255
0.2329 1.04244
1 0 0 0
1 0 0 0
-1.276517 -0.508551 60.1235
0 -1 -2.832769E-16
255 255 255 255
0.232811 1.050067
1 0 0 0
1 0 0 0
0.090176 0.265163 -63.55835
0.7085429 0.7056679 1.998994E-16
255 255 255 255
0.164588 1.170128
1 0 0 0
1 0 0 0
-0.538333 0.896221 -63.55835
0.7085429 0.7056679 1.998994E-16
255 255 255 255
0.160762 1.170128
1 0 0 0
1 0 0 0
-0.538327 0.896221 63.76077
0.7085429 0.7056679 1.998994E-16
255 255 255 255
0.159962 1.997489
1 0 0 0
1 0 0 0
0.090182 0.26516 63.76077
0.7085429 0.7056679 1.998994E-16
255 255 255 255
0.163787 1.997489
1 0 0 0
1 0 0 0
-1.167111 0.26516 63.76077
-0.7083869 0.7058244 1.999438E-16
255 255 255 255
0.156135 1.997489
1 0 0 0
1 0 0 0
-0.538327 0.896221 63.76077
-0.7083869 0.7058244 1.999438E-16
255 255 255 255
0.159962 1.997489
1 0 0 0
1 0 0 0
-0.538333 0.896221 -63.55835
-0.7083869 0.7058244 1.999438E-16
255 255 255 255
0.160762 1.170128
1 0 0 0
1 0 0 0
-1.167117 0.265163 -63.55835
-0.7083869 0.7058244 1.999438E-16
255 255 255 255
0.156935 1.170128
1 0 0 0
1 0 0 0
-0.538333 -0.365028 -63.55835
0.7080437 -0.7061687 -2.000413E-16
255 255 255 255
0.16841 1.170128
1 0 0 0
1 0 0 0
0.090176 0.265163 -63.55835
0.7080437 -0.7061687 -2.000413E-16
255 255 255 255
0.164588 1.170128
1 0 0 0
1 0 0 0
0.090182 0.26516 63.76077
0.7080437 -0.7061687 -2.000413E-16
255 255 255 255
0.163787 1.997489
1 0 0 0
1 0 0 0
-0.538327 -0.365028 63.76077
0.7080437 -0.7061687 -2.000413E-16
255 255 255 255
0.16761 1.997489
1 0 0 0
1 0 0 0
-1.167117 0.265163 -63.55835
-0.7078876 -0.7063251 -2.000856E-16
255 255 255 255
0.172233 1.170128
1 0 0 0
1 0 0 0
-0.538333 -0.365028 -63.55835
-0.7078876 -0.7063251 -2.000856E-16
255 255 255 255
0.16841 1.170128
1 0 0 0
1 0 0 0
-0.538327 -0.365028 63.76077
-0.7078876 -0.7063251 -2.000856E-16
255 255 255 255
0.16761 1.997489
1 0 0 0
1 0 0 0
-1.167111 0.26516 63.76077
-0.7078876 -0.7063251 -2.000856E-16
255 255 255 255
0.171433 1.997489
1 0 0 0
1 0 0 0
0.942899 -0.508544 -65.8612
0.4972323 2.45776E-16 -0.8676174
255 255 255 255
0.208565 1.146449
1 0 0 0
1 0 0 0
-1.146701 -0.508551 -65.87945
0.008718965 2.832662E-16 -0.9999621
255 255 255 255
0.218767 1.146449
1 0 0 0
1 0 0 0
-1.146701 0.997355 -65.87945
0.008718965 2.832662E-16 -0.9999621
255 255 255 255
0.218755 1.138369
1 0 0 0
1 0 0 0
0.942899 0.997362 -65.8612
0.4972323 2.45776E-16 -0.8676174
255 255 255 255
0.208574 1.138369
1 0 0 0
1 0 0 0
2.217435 -0.508544 -63.72878
0.858363 1.453332E-16 -0.5130428
255 255 255 255
0.194435 1.146399
1 0 0 0
1 0 0 0
2.217435 0.997362 -63.72878
0.858363 1.453332E-16 -0.5130428
255 255 255 255
0.194476 1.138319
1 0 0 0
1 0 0 0
-1.928561 -0.508551 -63.66366
-0.9999987 -4.603388E-19 0.001625049
255 255 255 255
0.231116 1.146397
1 0 0 0
1 0 0 0
-1.928561 0.997355 -63.66366
-0.9999987 -4.603388E-19 0.001625049
255 255 255 255
0.231074 1.138318
1 0 0 0
1 0 0 0
-1.146701 0.997355 -65.87945
-0.9430134 9.426174E-17 -0.3327547
255 255 255 255
0.218755 1.138369
1 0 0 0
1 0 0 0
-1.146701 -0.508551 -65.87945
-0.9430134 9.426174E-17 -0.3327547
255 255 255 255
0.218767 1.146449
1 0 0 0
1 0 0 0
0.160796 40.5985 -60.11
0 -2.832769E-16 1
255 255 255 255
0.163548 1.164564
1 0 0 0
1 0 0 0
0.160796 41.88711 -60.11
0 -2.832769E-16 1
255 255 255 255
0.163477 1.157366
1 0 0 0
1 0 0 0
-0.875917 41.88711 -60.11
0 -2.832769E-16 1
255 255 255 255
0.159149 1.157442
1 0 0 0
1 0 0 0
-0.875917 40.5985 -60.11
0 -2.832769E-16 1
255 255 255 255
0.159218 1.16464
1 0 0 0
1 0 0 0
0.160792 -37.83197 -60.11
0 -2.832769E-16 1
255 255 255 255
0.163795 1.155293
1 0 0 0
1 0 0 0
0.160792 -36.54336 -60.11
0 -2.832769E-16 1
255 255 255 255
0.163725 1.148114
1 0 0 0
1 0 0 0
-0.875921 -36.54336 -60.11
0 -2.832769E-16 1
255 255 255 255
0.159409 1.14819
1 0 0 0
1 0 0 0
-0.875921 -37.83197 -60.11
0 -2.832769E-16 1
255 255 255 255
0.159477 1.155368
1 0 0 0
1 0 0 0
0.435605 0.997362 -60.12434
-0.01109376 -2.832595E-16 0.9999385
255 255 255 255
0.167922 1.138235
1 0 0 0
1 0 0 0
-1.20502 0.997355 -60.14257
-0.01109376 -2.832595E-16 0.9999385
255 255 255 255
0.159958 1.138235
1 0 0 0
1 0 0 0
-1.20502 -0.508551 -60.14257
-0.01109376 -2.832595E-16 0.9999385
255 255 255 255
0.159971 1.146315
1 0 0 0
1 0 0 0
0.435605 -0.508544 -60.12434
-0.01109376 -2.832595E-16 0.9999385
255 255 255 255
0.167919 1.146314
1 0 0 0
1 0 0 0
-0.493769 45.78353 60.10131
-1 3.125098E-05 0.0002812588
255 255 255 255
0.212303 1.177543
1 0 0 0
1 0 0 0
-0.502288 -41.72771 60.10174
-1 3.125098E-05 -0.0002500078
255 255 255 255
0.213451 1.988749
1 0 0 0
1 0 0 0
-0.502288 -42.65652 60.76835
-1 3.125098E-05 -0.0002500078
255 255 255 255
0.2187 1.997272
1 0 0 0
1 0 0 0
-0.493769 46.46395 60.77129
-1 3.125098E-05 0.0002812588
255 255 255 255
0.217328 1.171252
1 0 0 0
1 0 0 0
0.255956 42.51324 66.20145
0 1 2.832769E-16
255 255 255 255
0.237472 1.147668
1 0 0 0
1 0 0 0
-0.210749 42.51324 65.73475
0 1 2.832769E-16
255 255 255 255
0.243414 1.147667
1 0 0 0
1 0 0 0
-0.665492 42.51324 66.18949
0 1 2.832769E-16
255 255 255 255
0.243414 1.141877
1 0 0 0
1 0 0 0
-0.198787 42.51324 66.65618
0 1 2.832769E-16
255 255 255 255
0.237472 1.141877
1 0 0 0
1 0 0 0
-0.061549 46.46395 60.77129
0.9999999 -1.593483E-19 0.0005625176
255 255 255 255
0.205095 1.171252
1 0 0 0
1 0 0 0
-0.056365 -42.65222 60.76006
0.9998719 -0.01600045 0.0004062614
255 255 255 255
0.20222 1.997233
1 0 0 0
1 0 0 0
-0.056365 -41.72771 60.10174
0.9998719 -0.01600045 0.0004062614
255 255 255 255
0.207452 1.988749
1 0 0 0
1 0 0 0
-0.061549 45.78353 60.10131
0.9999999 -1.593483E-19 0.0005625176
255 255 255 255
0.210084 1.177543
1 0 0 0
1 0 0 0
0.802699 -37.83197 -67.25957
0 0.004906344 -0.999988
255 255 255 255
0.205773 1.155246
1 0 0 0
1 0 0 0
-1.135045 -37.83197 -67.25957
0 0.004906344 -0.999988
255 255 255 255
0.213734 1.155387
1 0 0 0
1 0 0 0
-1.100347 -36.54336 -67.25324
0 0.004906344 -0.999988
255 255 255 255
0.21367 1.148206
1 0 0 0
1 0 0 0
0.837397 -36.54336 -67.25324
0 0.004906344 -0.999988
255 255 255 255
0.205696 1.148065
1 0 0 0
1 0 0 0
-2.182744 -36.54336 -63.82079
-0.9926916 0.02131259 0.1187817
255 255 255 255
0.232341 1.148285
1 0 0 0
1 0 0 0
-1.100347 -36.54336 -67.25324
-0.9536151 0.02515681 -0.2999755
255 255 255 255
0.21367 1.148206
1 0 0 0
1 0 0 0
-1.135045 -37.83197 -67.25957
-0.9536151 0.02515681 -0.2999755
255 255 255 255
0.213734 1.155387
1 0 0 0
1 0 0 0
-2.217473 -37.83197 -63.81012
-0.9926916 0.02131259 0.1187817
255 255 255 255
0.232427 1.155466
1 0 0 0
1 0 0 0
0.55453 -36.54336 -61.62079
0 1 2.832769E-16
255 255 255 255
0.207267 1.126993
1 0 0 0
1 0 0 0
-0.875921 -36.54336 -61.62079
0 1 2.832769E-16
255 255 255 255
0.207267 1.120504
1 0 0 0
1 0 0 0
0.160792 -36.54336 -60.11
0 1 2.832769E-16
255 255 255 255
0.200414 1.125207
1 0 0 0
1 0 0 0
-0.875921 -36.54336 -60.11
0 1 2.832769E-16
255 255 255 255
0.200414 1.120504
1 0 0 0
1 0 0 0
1.921412 -36.54336 -63.82079
0 1 2.832769E-16
255 255 255 255
0.217247 1.133193
1 0 0 0
1 0 0 0
-1.100347 -36.54336 -67.25324
0 1 2.832769E-16
255 255 255 255
0.232818 1.119486
1 0 0 0
1 0 0 0
0.837397 -36.54336 -67.25324
0 1 2.832769E-16
255 255 255 255
0.232818 1.128276
1 0 0 0
1 0 0 0
-2.182744 -36.54336 -63.82079
0 1 2.832769E-16
255 255 255 255
0.217247 1.114576
1 0 0 0
1 0 0 0
2.217435 -0.508544 -63.72878
0.8598689 -1.446171E-16 0.5105149
255 255 255 255
0.194435 1.146399
1 0 0 0
1 0 0 0
2.217435 0.997362 -63.72878
0.8598689 -1.446171E-16 0.5105149
255 255 255 255
0.194476 1.138319
1 0 0 0
1 0 0 0
0.938046 0.997361 -61.57391
0.9069847 -1.19306E-16 0.4211636
255 255 255 255
0.173902 1.138269
1 0 0 0
1 0 0 0
0.938046 -0.508544 -61.57391
0.9069847 -1.19306E-16 0.4211636
255 255 255 255
0.173873 1.146348
1 0 0 0
1 0 0 0
0.435605 -0.508544 -60.12434
0.94486 -9.276595E-17 0.3274744
255 255 255 255
0.167919 1.146314
1 0 0 0
1 0 0 0
0.435605 0.997362 -60.12434
0.94486 -9.276595E-17 0.3274744
255 255 255 255
0.167922 1.138235
1 0 0 0
1 0 0 0
-0.875921 -36.54336 -61.62079
-0.9633651 0.007093907 0.2680997
255 255 255 255
0.15731 1.14819
1 0 0 0
1 0 0 0
-2.182744 -36.54336 -63.82079
-0.9926916 0.02131259 0.1187817
255 255 255 255
0.137839 1.148285
1 0 0 0
1 0 0 0
-2.217473 -37.83197 -63.81012
-0.9926916 0.02131259 0.1187817
255 255 255 255
0.137925 1.155466
1 0 0 0
1 0 0 0
-0.875921 -37.83197 -61.62079
-0.9633651 0.007093907 0.2680997
255 255 255 255
0.15742 1.155368
1 0 0 0
1 0 0 0
-0.875921 -36.54336 -60.11
-1 0 0
255 255 255 255
0.159409 1.14819
1 0 0 0
1 0 0 0
-0.875921 -37.83197 -60.11
-1 0 0
255 255 255 255
0.159477 1.155368
1 0 0 0
1 0 0 0
-0.875921 -37.83197 -61.62079
0 -1 -2.832769E-16
255 255 255 255
0.206951 1.103124
1 0 0 0
1 0 0 0
0.55453 -37.83197 -61.62079
0 -1 -2.832769E-16
255 255 255 255
0.206951 1.096256
1 0 0 0
1 0 0 0
-0.875921 -37.83197 -60.11
0 -1 -2.832769E-16
255 255 255 255
0.199697 1.103124
1 0 0 0
1 0 0 0
0.160792 -37.83197 -60.11
0 -1 -2.832769E-16
255 255 255 255
0.199697 1.098146
1 0 0 0
1 0 0 0
-2.217473 -37.83197 -63.81012
0 -1 -2.832769E-16
255 255 255 255
0.217463 1.109566
1 0 0 0
1 0 0 0
-1.135045 -37.83197 -67.25957
0 -1 -2.832769E-16
255 255 255 255
0.234027 1.104368
1 0 0 0
1 0 0 0
0.802699 -37.83197 -67.25957
0 -1 -2.832769E-16
255 255 255 255
0.234027 1.095064
1 0 0 0
1 0 0 0
1.886714 -37.83197 -63.81012
0 -1 -2.832769E-16
255 255 255 255
0.217463 1.089859
1 0 0 0
1 0 0 0
-0.185237 54.36244 63.7989
0 1 2.832769E-16
255 255 255 255
0.012022 1.140492
1 0 0 0
1 0 0 0
-1.14593 54.04323 63.24434
-0.4460136 0.8571824 -0.2575078
255 255 255 255
0.017318 1.131317
1 0 0 0
1 0 0 0
-1.14593 54.04323 64.3535
-0.4460136 0.8571824 0.2575078
255 255 255 255
0.006725 1.131317
1 0 0 0
1 0 0 0
-0.185237 54.04323 62.68974
0 0.8571812 -0.515015
255 255 255 255
0.022615 1.140492
1 0 0 0
1 0 0 0
0.775213 54.04323 63.24434
0.4460386 0.8571704 -0.2575043
255 255 255 255
0.017318 1.149665
1 0 0 0
1 0 0 0
0.775213 54.04323 64.3535
0.4460386 0.8571704 0.2575043
255 255 255 255
0.006725 1.149665
1 0 0 0
1 0 0 0
-0.185237 54.04323 64.90807
0 0.8571812 0.515015
255 255 255 255
0.001429 1.140492
1 0 0 0
1 0 0 0
1.886714 -37.83197 -63.81012
0.9922418 -0.01950045 0.1227841
255 255 255 255
0.187011 1.155167
1 0 0 0
1 0 0 0
0.802699 -37.83197 -67.25957
0.9534692 -0.02615712 -0.3003537
255 255 255 255
0.205773 1.155246
1 0 0 0
1 0 0 0
0.837397 -36.54336 -67.25324
0.9534692 -0.02615712 -0.3003537
255 255 255 255
0.205696 1.148065
1 0 0 0
1 0 0 0
1.921412 -36.54336 -63.82079
0.9922418 -0.01950045 0.1227841
255 255 255 255
0.187081 1.147986
1 0 0 0
1 0 0 0
0.55453 -37.83197 -61.62079
0.9198303 -0.004687591 0.3922888
255 255 255 255
0.167453 1.155264
1 0 0 0
1 0 0 0
0.55453 -36.54336 -61.62079
0.9198303 -0.004687591 0.3922888
255 255 255 255
0.167343 1.148086
1 0 0 0
1 0 0 0
0.160792 -37.83197 -60.11
0.967677 -7.144043E-17 0.2521929
255 255 255 255
0.163795 1.155293
1 0 0 0
1 0 0 0
0.160792 -36.54336 -60.11
0.967677 -7.144043E-17 0.2521929
255 255 255 255
0.163725 1.148114
1 0 0 0
1 0 0 0
0.255946 -35.91723 -66.20145
0.7071068 -2.003071E-16 0.7071068
255 255 255 255
0.258753 1.121722
1 0 0 0
1 0 0 0
-0.210759 -35.91723 -65.73476
0.7071068 -2.003071E-16 0.7071068
255 255 255 255
0.255203 1.121735
1 0 0 0
1 0 0 0
-0.210759 -38.40535 -65.73476
0.7071068 -2.003071E-16 0.7071068
255 255 255 255
0.255255 1.138392
1 0 0 0
1 0 0 0
0.255946 -38.40535 -66.20145
0.7071068 -2.003071E-16 0.7071068
255 255 255 255
0.258752 1.138379
1 0 0 0
1 0 0 0
0.554534 40.5985 -61.62079
0 -1 -2.832769E-16
255 255 255 255
0.168674 1.095283
1 0 0 0
1 0 0 0
0.160796 40.5985 -60.11
0 -1 -2.832769E-16
255 255 255 255
0.160905 1.097308
1 0 0 0
1 0 0 0
-0.875917 40.5985 -60.11
0 -1 -2.832769E-16
255 255 255 255
0.160905 1.102639
1 0 0 0
1 0 0 0
-0.875917 40.5985 -61.62079
0 -1 -2.832769E-16
255 255 255 255
0.168674 1.102639
1 0 0 0
1 0 0 0
-2.217469 40.5985 -63.81012
0 -1 -2.832769E-16
255 255 255 255
0.179933 1.109538
1 0 0 0
1 0 0 0
-1.135041 40.5985 -67.25957
0 -1 -2.832769E-16
255 255 255 255
0.197671 1.103971
1 0 0 0
1 0 0 0
0.802703 40.5985 -67.25957
0 -1 -2.832769E-16
255 255 255 255
0.197671 1.094007
1 0 0 0
1 0 0 0
1.886718 40.5985 -63.81012
0 -1 -2.832769E-16
255 255 255 255
0.179933 1.088432
1 0 0 0
1 0 0 0
0.802709 40.5985 67.25957
0 -1 -2.832769E-16
255 255 255 255
0.168768 1.039434
1 0 0 0
1 0 0 0
-1.135035 40.5985 67.25957
0 -1 -2.832769E-16
255 255 255 255
0.168768 1.047786
1 0 0 0
1 0 0 0
-2.217463 40.5985 63.81011
0 -1 -2.832769E-16
255 255 255 255
0.184466 1.052452
1 0 0 0
1 0 0 0
1.886724 40.5985 63.81011
0 -1 -2.832769E-16
255 255 255 255
0.184466 1.034761
1 0 0 0
1 0 0 0
0.55454 40.5985 61.62078
0 -1 -2.832769E-16
255 255 255 255
0.194429 1.040503
1 0 0 0
1 0 0 0
-0.875911 40.5985 61.62078
0 -1 -2.832769E-16
255 255 255 255
0.194429 1.046669
1 0 0 0
1 0 0 0
0.160802 40.5985 60.10999
0 -1 -2.832769E-16
255 255 255 255
0.201305 1.0422
1 0 0 0
1 0 0 0
-0.875911 40.5985 60.10999
0 -1 -2.832769E-16
255 255 255 255
0.201305 1.046669
1 0 0 0
1 0 0 0
-0.198797 -35.91723 -66.65618
0 1 2.832769E-16
255 255 255 255
0.263105 1.121134
1 0 0 0
1 0 0 0
-0.665502 -35.91723 -66.18948
0 1 2.832769E-16
255 255 255 255
0.263105 1.115836
1 0 0 0
1 0 0 0
-0.210759 -35.91723 -65.73476
0 1 2.832769E-16
255 255 255 255
0.257943 1.115836
1 0 0 0
1 0 0 0
0.255946 -35.91723 -66.20145
0 1 2.832769E-16
255 255 255 255
0.257943 1.121135
1 0 0 0
1 0 0 0
-0.875917 41.88711 -61.62079
0 1 2.832769E-16
255 255 255 255
0.16876 1.117497
1 0 0 0
1 0 0 0
-0.875917 41.88711 -60.11
0 1 2.832769E-16
255 255 255 255
0.160879 1.117497
1 0 0 0
1 0 0 0
0.160796 41.88711 -60.11
0 1 2.832769E-16
255 255 255 255
0.160879 1.122905
1 0 0 0
1 0 0 0
0.554534 41.88711 -61.62079
0 1 2.832769E-16
255 255 255 255
0.16876 1.124958
1 0 0 0
1 0 0 0
-2.18274 41.88711 -63.82079
0 1 2.832769E-16
255 255 255 255
0.180235 1.110681
1 0 0 0
1 0 0 0
-1.100343 41.88711 -67.25324
0 1 2.832769E-16
255 255 255 255
0.198139 1.116326
1 0 0 0
1 0 0 0
0.837401 41.88711 -67.25324
0 1 2.832769E-16
255 255 255 255
0.198139 1.126434
1 0 0 0
1 0 0 0
1.921416 41.88711 -63.82079
0 1 2.832769E-16
255 255 255 255
0.180235 1.132088
1 0 0 0
1 0 0 0
0.802703 40.5985 -67.25957
0 0.004906344 -0.999988
255 255 255 255
0.205643 1.164517
1 0 0 0
1 0 0 0
-1.135041 40.5985 -67.25957
0 0.004906344 -0.999988
255 255 255 255
0.213627 1.164659
1 0 0 0
1 0 0 0
-1.100343 41.88711 -67.25324
0 0.004906344 -0.999988
255 255 255 255
0.213563 1.157458
1 0 0 0
1 0 0 0
0.837401 41.88711 -67.25324
0 0.004906344 -0.999988
255 255 255 255
0.205566 1.157316
1 0 0 0
1 0 0 0
-0.061549 46.46395 60.77129
0.9999999 -1.593483E-19 0.0005625176
255 255 255 255
0.250119 1.997627
1 0 0 0
1 0 0 0
-0.061549 45.78353 60.10131
0.9999999 -1.593483E-19 0.0005625176
255 255 255 255
0.254815 1.993126
1 0 0 0
1 0 0 0
0.077025 45.80067 -59.98508
0.9997369 -0.0001562528 -0.02293792
255 255 255 255
0.248696 1.179115
1 0 0 0
1 0 0 0
0.077025 46.45067 -60.65509
0.9997369 -0.0001562528 -0.02293792
255 255 255 255
0.24525 1.174614
1 0 0 0
1 0 0 0
-0.564668 46.45068 -60.65509
-0.9999996 -0.0007187722 0.0005000154
255 255 255 255
0.255544 1.174614
1 0 0 0
1 0 0 0
-0.564668 45.80067 -59.98509
-0.9999996 -0.0007187722 0.0005000154
255 255 255 255
0.252099 1.179115
1 0 0 0
1 0 0 0
-0.493769 45.78353 60.10131
-1 3.125098E-05 0.0002812588
255 255 255 255
0.243592 1.993126
1 0 0 0
1 0 0 0
-0.493769 46.46395 60.77129
-1 3.125098E-05 0.0002812588
255 255 255 255
0.24767 1.997627
1 0 0 0
1 0 0 0
-2.18274 41.88711 -63.82079
-0.9926916 0.02131259 0.1187817
255 255 255 255
0.232286 1.157537
1 0 0 0
1 0 0 0
-1.100343 41.88711 -67.25324
-0.9536151 0.02515681 -0.2999755
255 255 255 255
0.213563 1.157458
1 0 0 0
1 0 0 0
-1.135041 40.5985 -67.25957
-0.9536151 0.02515681 -0.2999755
255 255 255 255
0.213627 1.164659
1 0 0 0
1 0 0 0
-2.217469 40.5985 -63.81012
-0.9926916 0.02131259 0.1187817
255 255 255 255
0.232373 1.164738
1 0 0 0
1 0 0 0
-1.26138 -0.508551 61.57305
-0.9905449 3.886259E-17 -0.1371894
255 255 255 255
0.209337 1.066221
1 0 0 0
1 0 0 0
-1.899686 -0.508551 63.74616
-0.9999147 -3.700336E-18 0.01306261
255 255 255 255
0.227015 1.066282
1 0 0 0
1 0 0 0
-1.899686 0.997355 63.74616
-0.9999147 -3.700336E-18 0.01306261
255 255 255 255
0.227058 1.056593
1 0 0 0
1 0 0 0
-1.26138 0.997355 61.57305
-0.9905449 3.886259E-17 -0.1371894
255 255 255 255
0.209373 1.056532
1 0 0 0
1 0 0 0
-1.276517 -0.508551 60.1235
-0.9999455 -2.956727E-18 0.01043758
255 255 255 255
0.204433 1.06618
1 0 0 0
1 0 0 0
-1.276517 0.997355 60.1235
-0.9999455 -2.956727E-18 0.01043758
255 255 255 255
0.204447 1.056492
1 0 0 0
1 0 0 0
0.255946 -38.40535 -66.20145
0 -1 -2.832769E-16
255 255 255 255
0.251899 1.121196
1 0 0 0
1 0 0 0
-0.210759 -38.40535 -65.73476
0 -1 -2.832769E-16
255 255 255 255
0.251899 1.115898
1 0 0 0
1 0 0 0
-0.665502 -38.40535 -66.18948
0 -1 -2.832769E-16
255 255 255 255
0.257061 1.115898
1 0 0 0
1 0 0 0
-0.198797 -38.40535 -66.65618
0 -1 -2.832769E-16
255 255 255 255
0.257061 1.121196
1 0 0 0
1 0 0 0
-0.875917 41.88711 -61.62079
-0.9633651 0.007093907 0.2680997
255 255 255 255
0.157045 1.157442
1 0 0 0
1 0 0 0
-2.18274 41.88711 -63.82079
-0.9926916 0.02131259 0.1187817
255 255 255 255
0.137518 1.157537
1 0 0 0
1 0 0 0
-2.217469 40.5985 -63.81012
-0.9926916 0.02131259 0.1187817
255 255 255 255
0.137605 1.164738
1 0 0 0
1 0 0 0
-0.875917 40.5985 -61.62079
-0.9633651 0.007093907 0.2680997
255 255 255 255
0.157154 1.16464
1 0 0 0
1 0 0 0
-0.875917 41.88711 -60.11
-1 0 0
255 255 255 255
0.159149 1.157442
1 0 0 0
1 0 0 0
-0.875917 40.5985 -60.11
-1 0 0
255 255 255 255
0.159218 1.16464
1 0 0 0
1 0 0 0
-0.875911 41.88711 61.62078
0 1 2.832769E-16
255 255 255 255
0.194935 1.018701
1 0 0 0
1 0 0 0
0.55454 41.88711 61.62078
0 1 2.832769E-16
255 255 255 255
0.194935 1.025233
1 0 0 0
1 0 0 0
-0.875911 41.88711 60.10999
0 1 2.832769E-16
255 255 255 255
0.202219 1.018701
1 0 0 0
1 0 0 0
0.160802 41.88711 60.10999
0 1 2.832769E-16
255 255 255 255
0.202219 1.023435
1 0 0 0
1 0 0 0
-2.182734 41.88711 63.82079
0 1 2.832769E-16
255 255 255 255
0.184329 1.012733
1 0 0 0
1 0 0 0
-1.100337 41.88711 67.25324
0 1 2.832769E-16
255 255 255 255
0.16778 1.017676
1 0 0 0
1 0 0 0
0.837407 41.88711 67.25324
0 1 2.832769E-16
255 255 255 255
0.16778 1.026524
1 0 0 0
1 0 0 0
1.921422 41.88711 63.82079
0 1 2.832769E-16
255 255 255 255
0.184329 1.031474
1 0 0 0
1 0 0 0
0.871402 0.997362 65.84212
0 1 2.832769E-16
255 255 255 255
0.205529 1.025938
1 0 0 0
1 0 0 0
2.145938 0.997362 63.70971
0 1 2.832769E-16
255 255 255 255
0.215974 1.031851
1 0 0 0
1 0 0 0
-1.218198 0.997355 65.86037
0 1 2.832769E-16
255 255 255 255
0.20544 1.016244
1 0 0 0
1 0 0 0
-1.899686 0.997355 63.74616
0 1 2.832769E-16
255 255 255 255
0.215796 1.013082
1 0 0 0
1 0 0 0
0.86655 0.997362 61.55483
0 1 2.832769E-16
255 255 255 255
0.226529 1.025916
1 0 0 0
1 0 0 0
-1.26138 0.997355 61.57305
0 1 2.832769E-16
255 255 255 255
0.22644 1.016044
1 0 0 0
1 0 0 0
-1.276517 0.997355 60.1235
0 1 2.832769E-16
255 255 255 255
0.23354 1.015973
1 0 0 0
1 0 0 0
0.364108 0.997362 60.10526
0 1 2.832769E-16
255 255 255 255
0.233629 1.023585
1 0 0 0
1 0 0 0
-0.198797 -38.40535 -66.65618
-0.7071068 2.003071E-16 -0.7071068
255 255 255 255
0.262136 1.138392
1 0 0 0
1 0 0 0
-0.665502 -38.40535 -66.18948
-0.7071068 2.003071E-16 -0.7071068
255 255 255 255
0.265686 1.138405
1 0 0 0
1 0 0 0
-0.665502 -35.91723 -66.18948
-0.7071068 2.003071E-16 -0.7071068
255 255 255 255
0.265685 1.121748
1 0 0 0
1 0 0 0
-0.198797 -35.91723 -66.65618
-0.7071068 2.003071E-16 -0.7071068
255 255 255 255
0.262188 1.121735
1 0 0 0
1 0 0 0
0.364108 -0.508544 60.10526
-0.01109376 2.832595E-16 -0.9999385
255 255 255 255
0.196195 1.06618
1 0 0 0
1 0 0 0
-1.276517 -0.508551 60.1235
-0.01109376 2.832595E-16 -0.9999385
255 255 255 255
0.204433 1.06618
1 0 0 0
1 0 0 0
-1.276517 0.997355 60.1235
-0.01109376 2.832595E-16 -0.9999385
255 255 255 255
0.204447 1.056492
1 0 0 0
1 0 0 0
0.364108 0.997362 60.10526
-0.01109376 2.832595E-16 -0.9999385
255 255 255 255
0.196193 1.056491
1 0 0 0
1 0 0 0
-0.210749 40.02512 65.73475
-0.7071068 2.003071E-16 -0.7071068
255 255 255 255
0.247229 1.167421
1 0 0 0
1 0 0 0
-0.665492 40.02512 66.18949
-0.7071068 2.003071E-16 -0.7071068
255 255 255 255
0.250849 1.167435
1 0 0 0
1 0 0 0
-0.665492 42.51324 66.18949
-0.7071068 2.003071E-16 -0.7071068
255 255 255 255
0.25085 1.149881
1 0 0 0
1 0 0 0
-0.210749 42.51324 65.73475
-0.7071068 2.003071E-16 -0.7071068
255 255 255 255
0.247284 1.149867
1 0 0 0
1 0 0 0
0.075312 -41.79807 -59.99734
0.9996024 -0.01621889 -0.0230627
255 255 255 255
0.260533 1.176366
1 0 0 0
1 0 0 0
-0.056365 -41.72771 60.10174
0.9998719 -0.01600045 0.0004062614
255 255 255 255
0.264145 1.992175
1 0 0 0
1 0 0 0
-0.056365 -42.65222 60.76006
0.9998719 -0.01600045 0.0004062614
255 255 255 255
0.271445 1.996627
1 0 0 0
1 0 0 0
0.012782 -42.822 -60.6529
0.9996024 -0.01621889 -0.0230627
255 255 255 255
0.267057 1.171932
1 0 0 0
1 0 0 0
-0.210753 -38.40535 65.73475
-0.7071068 2.003071E-16 -0.7071068
255 255 255 255
0.263752 1.16732
1 0 0 0
1 0 0 0
-0.665496 -38.40535 66.18949
-0.7071068 2.003071E-16 -0.7071068
255 255 255 255
0.267346 1.167334
1 0 0 0
1 0 0 0
-0.665496 -35.91723 66.18949
-0.7071068 2.003071E-16 -0.7071068
255 255 255 255
0.267347 1.149905
1 0 0 0
1 0 0 0
-0.210753 -35.91723 65.73475
-0.7071068 2.003071E-16 -0.7071068
255 255 255 255
0.263806 1.149891
1 0 0 0
1 0 0 0
-1.341002 -54.36244 62.60838
0 -1 -2.832769E-16
255 255 255 255
0.061348 1.147269
1 0 0 0
1 0 0 0
-0.204284 -54.36244 62.13746
0 -1 -2.832769E-16
255 255 255 255
0.064214 1.14035
1 0 0 0
1 0 0 0
-1.81195 -54.36244 63.74523
0 -1 -2.832769E-16
255 255 255 255
0.054428 1.150136
1 0 0 0
1 0 0 0
0.932679 -54.36244 62.60838
0 -1 -2.832769E-16
255 255 255 255
0.061348 1.13343
1 0 0 0
1 0 0 0
1.403626 -54.36244 63.74523
0 -1 -2.832769E-16
255 255 255 255
0.054428 1.130563
1 0 0 0
1 0 0 0
0.932679 -54.36244 64.8821
0 -1 -2.832769E-16
255 255 255 255
0.047508 1.13343
1 0 0 0
1 0 0 0
-0.204284 -54.36244 65.35302
0 -1 -2.832769E-16
255 255 255 255
0.044642 1.14035
1 0 0 0
1 0 0 0
-1.341002 -54.36244 64.8821
0 -1 -2.832769E-16
255 255 255 255
0.047508 1.147269
1 0 0 0
1 0 0 0
1.478332 53.17112 -64.48431
0.7990847 0.3855419 -0.4613253
255 255 255 255
0.133613 1.160137
1 0 0 0
1 0 0 0
0.775207 54.04323 -64.07832
0.4460386 0.8571704 -0.2575043
255 255 255 255
0.1336 1.153193
1 0 0 0
1 0 0 0
0.775207 54.04323 -62.96915
0.4460386 0.8571704 0.2575043
255 255 255 255
0.122659 1.153111
1 0 0 0
1 0 0 0
1.478332 53.17112 -62.56318
0.800469 0.3816713 0.4621432
255 255 255 255
0.122508 1.159995
1 0 0 0
1 0 0 0
-0.185243 54.04323 -62.41459
0 0.8571812 0.515015
255 255 255 255
0.111572 1.152923
1 0 0 0
1 0 0 0
-0.185243 53.17112 -61.60261
3.125055E-05 0.3730065 0.9278287
255 255 255 255
0.111405 1.159669
1 0 0 0
1 0 0 0
-1.145936 54.04323 -62.96915
-0.4460136 0.8571824 0.2575078
255 255 255 255
0.10031 1.152817
1 0 0 0
1 0 0 0
-1.849061 53.17112 -62.56318
-0.8051775 0.3681972 0.4648872
255 255 255 255
0.100296 1.159485
1 0 0 0
1 0 0 0
-1.145936 54.04323 -64.07832
-0.4460136 0.8571824 -0.2575078
255 255 255 255
0.089034 1.152899
1 0 0 0
1 0 0 0
-1.849061 53.17112 -64.48431
-0.8038322 0.3721028 -0.4641051
255 255 255 255
0.089187 1.159627
1 0 0 0
1 0 0 0
-0.185243 54.04323 -64.63291
0 0.8571812 -0.515015
255 255 255 255
0.07792 1.153087
1 0 0 0
1 0 0 0
-0.185243 53.17112 -65.44486
0 0.3807844 -0.9246638
255 255 255 255
0.078084 1.159953
1 0 0 0
1 0 0 0
0.775207 54.04323 -64.07832
0.4460386 0.8571704 -0.2575043
255 255 255 255
0.066968 1.153193
1 0 0 0
1 0 0 0
1.478332 53.17112 -64.48431
0.7990847 0.3855419 -0.4613253
255 255 255 255
0.066981 1.160137
1 0 0 0
1 0 0 0
-0.169618 52.26756 -65.45171
0.4999466 0.01525028 -0.865922
255 255 255 255
0.078096 1.167007
1 0 0 0
1 0 0 0
1.493224 52.26756 -64.49166
0.8658832 0.01831267 -0.499911
255 255 255 255
0.066983 1.167191
1 0 0 0
1 0 0 0
-0.169618 52.26756 -61.6115
-0.499921 -0.01718801 0.8659005
255 255 255 255
0.111393 1.166723
1 0 0 0
1 0 0 0
-1.832459 52.26756 -62.57157
-0.8658438 -0.02053199 0.499893
255 255 255 255
0.100294 1.166539
1 0 0 0
1 0 0 0
-1.832459 52.26756 -64.49166
-0.9998317 -0.0183441 -5.196462E-18
255 255 255 255
0.089196 1.166681
1 0 0 0
1 0 0 0
-1.832459 52.26756 -64.49166
-0.4999865 -0.002093824 -0.8660307
255 255 255 255
0.089196 1.166681
1 0 0 0
1 0 0 0
-0.169618 52.26756 -65.45171
-0.4999865 -0.002093824 -0.8660307
255 255 255 255
0.078096 1.167007
1 0 0 0
1 0 0 0
1.493224 52.26756 -62.57157
0.500011 0.0001562534 0.8660191
255 255 255 255
0.122499 1.167049
1 0 0 0
1 0 0 0
-0.169618 52.26756 -61.6115
0.500011 0.0001562534 0.8660191
255 255 255 255
0.111393 1.166723
1 0 0 0
1 0 0 0
-1.832453 52.26756 62.83099
-0.4999865 -0.002093824 -0.8660307
255 255 255 255
0.022586 1.16625
1 0 0 0
1 0 0 0
-1.849055 53.17112 62.83834
-0.8038322 0.3721028 -0.4641051
255 255 255 255
0.022577 1.15944
1 0 0 0
1 0 0 0
-0.185237 53.17112 61.87779
0 0.3807844 -0.9246638
255 255 255 255
0.011859 1.159755
1 0 0 0
1 0 0 0
-0.169612 52.26756 61.87094
-0.4999865 -0.002093824 -0.8660307
255 255 255 255
0.01187 1.166565
1 0 0 0
1 0 0 0
-0.185237 54.04323 62.68974
0 0.8571812 -0.515015
255 255 255 255
0.0117 1.153127
1 0 0 0
1 0 0 0
0.775213 54.04323 63.24434
0.4460386 0.8571704 -0.2575043
255 255 255 255
0.001128 1.152966
1 0 0 0
1 0 0 0
1.478338 53.17112 62.83834
0.7990847 0.3855419 -0.4613253
255 255 255 255
0.001141 1.15967
1 0 0 0
1 0 0 0
-1.14593 54.04323 63.24434
-0.4460136 0.8571824 -0.2575078
255 255 255 255
0.022429 1.152946
1 0 0 0
1 0 0 0
-1.14593 54.04323 64.3535
-0.4460136 0.8571824 0.2575078
255 255 255 255
0.033314 1.152866
1 0 0 0
1 0 0 0
-1.849055 53.17112 64.75948
-0.8051775 0.3681972 0.4648872
255 255 255 255
0.033301 1.159303
1 0 0 0
1 0 0 0
-0.169612 52.26756 61.87094
0.4999466 0.01525028 -0.865922
255 255 255 255
0.01187 1.166565
1 0 0 0
1 0 0 0
1.49323 52.26756 62.83099
0.8658832 0.01831267 -0.499911
255 255 255 255
0.001143 1.166479
1 0 0 0
1 0 0 0
1.49323 52.26756 64.75108
0.9998644 0.01646909 4.665314E-18
255 255 255 255
0.054734 1.166606
1 0 0 0
1 0 0 0
1.49323 52.26756 62.83099
0.8658832 0.01831267 -0.499911
255 255 255 255
0.065465 1.166479
1 0 0 0
1 0 0 0
1.478338 53.17112 64.75948
0.800469 0.3816713 0.4621432
255 255 255 255
0.054743 1.159796
1 0 0 0
1 0 0 0
1.478338 53.17112 62.83834
0.7990847 0.3855419 -0.4613253
255 255 255 255
0.065463 1.15967
1 0 0 0
1 0 0 0
0.775213 54.04323 63.24434
0.4460386 0.8571704 -0.2575043
255 255 255 255
0.06545 1.152703
1 0 0 0
1 0 0 0
0.775213 54.04323 64.3535
0.4460386 0.8571704 0.2575043
255 255 255 255
0.054888 1.152887
1 0 0 0
1 0 0 0
-0.185237 53.17112 65.72005
3.125055E-05 0.3730065 0.9278287
255 255 255 255
0.044025 1.159481
1 0 0 0
1 0 0 0
-0.185237 54.04323 64.90807
0 0.8571812 0.515015
255 255 255 255
0.044186 1.152706
1 0 0 0
1 0 0 0
-0.169612 52.26756 65.71115
-0.499921 -0.01718801 0.8659005
255 255 255 255
0.044013 1.166291
1 0 0 0
1 0 0 0
-1.832453 52.26756 64.75108
-0.8658438 -0.02053199 0.499893
255 255 255 255
0.033299 1.166113
1 0 0 0
1 0 0 0
-1.832453 52.26756 62.83099
-0.9998317 -0.0183441 -5.196462E-18
255 255 255 255
0.022586 1.16625
1 0 0 0
1 0 0 0
1.49323 52.26756 64.75108
0.500011 0.0001562534 0.8660191
255 255 255 255
0.054734 1.166606
1 0 0 0
1 0 0 0
-0.169612 52.26756 65.71115
0.500011 0.0001562534 0.8660191
255 255 255 255
0.044013 1.166291
1 0 0 0
1 0 0 0
0.932679 -54.36244 64.8821
0.7070912 -2.003115E-16 0.7071224
255 255 255 255
0.055852 1.997514
1 0 0 0
1 0 0 0
1.403626 -54.36244 63.74523
1 0 0
255 255 255 255
0.064886 1.99753
1 0 0 0
1 0 0 0
1.40363 53.05373 63.74523
1 0 0
255 255 255 255
0.064886 1.169595
1 0 0 0
1 0 0 0
0.932683 53.05373 64.8821
0.7070912 -2.003115E-16 0.7071224
255 255 255 255
0.057936 1.169579
1 0 0 0
1 0 0 0
-0.204284 -54.36244 65.35302
0 -2.832769E-16 1
255 255 255 255
0.047662 1.997476
1 0 0 0
1 0 0 0
-0.20428 53.05373 65.35302
0 -2.832769E-16 1
255 255 255 255
0.050568 1.169541
1 0 0 0
1 0 0 0
-1.341002 -54.36244 64.8821
-0.7071381 -2.002982E-16 0.7070756
255 255 255 255
0.040295 1.997438
1 0 0 0
1 0 0 0
-1.341243 53.05373 64.8821
-0.7071381 -2.002982E-16 0.7070756
255 255 255 255
0.042378 1.169503
1 0 0 0
1 0 0 0
-1.81195 -54.36244 63.74523
-1 0 0
255 255 255 255
0.033345 1.997422
1 0 0 0
1 0 0 0
-1.811946 53.05373 63.74523
-1 0 0
255 255 255 255
0.033345 1.169487
1 0 0 0
1 0 0 0
-1.341002 -54.36244 62.60838
-0.7071381 2.002982E-16 -0.7070756
255 255 255 255
0.026395 1.997438
1 0 0 0
1 0 0 0
-1.341243 53.05373 62.60836
-0.7071381 2.002982E-16 -0.7070756
255 255 255 255
0.024312 1.169503
1 0 0 0
1 0 0 0
-0.204284 -54.36244 62.13746
0 2.832769E-16 -1
255 255 255 255
0.019028 1.997476
1 0 0 0
1 0 0 0
-0.20428 53.05373 62.13746
0 2.832769E-16 -1
255 255 255 255
0.016122 1.169541
1 0 0 0
1 0 0 0
0.932679 -54.36244 62.60838
0.7070756 2.003159E-16 -0.7071381
255 255 255 255
0.010838 1.997514
1 0 0 0
1 0 0 0
0.932683 53.05373 62.60836
0.7070756 2.003159E-16 -0.7071381
255 255 255 255
0.008754 1.169579
1 0 0 0
1 0 0 0
1.403626 -54.36244 63.74523
1 0 0
255 255 255 255
0.001803 1.99753
1 0 0 0
1 0 0 0
1.40363 53.05373 63.74523
1 0 0
255 255 255 255
0.001803 1.169595
1 0 0 0
1 0 0 0
1.886718 40.5985 -63.81012
0.9922418 -0.01950045 0.1227841
255 255 255 255
0.186829 1.164438
1 0 0 0
1 0 0 0
0.802703 40.5985 -67.25957
0.9534692 -0.02615712 -0.3003537
255 255 255 255
0.205643 1.164517
1 0 0 0
1 0 0 0
0.837401 41.88711 -67.25324
0.9534692 -0.02615712 -0.3003537
255 255 255 255
0.205566 1.157316
1 0 0 0
1 0 0 0
1.921416 41.88711 -63.82079
0.9922418 -0.01950045 0.1227841
255 255 255 255
0.186899 1.157237
1 0 0 0
1 0 0 0
0.554534 40.5985 -61.62079
0.9198303 -0.004687591 0.3922888
255 255 255 255
0.167216 1.164535
1 0 0 0
1 0 0 0
0.554534 41.88711 -61.62079
0.9198303 -0.004687591 0.3922888
255 255 255 255
0.167106 1.157337
1 0 0 0
1 0 0 0
0.160796 40.5985 -60.11
0.967677 -7.144043E-17 0.2521929
255 255 255 255
0.163548 1.164564
1 0 0 0
1 0 0 0
0.160796 41.88711 -60.11
0.967677 -7.144043E-17 0.2521929
255 255 255 255
0.163477 1.157366
1 0 0 0
1 0 0 0
-0.875911 40.5985 61.62078
-0.9633651 0.007093907 -0.2680997
255 255 255 255
0.208053 1.086202
1 0 0 0
1 0 0 0
-2.217463 40.5985 63.81011
-0.9926916 0.02131259 -0.1187817
255 255 255 255
0.228206 1.0863
1 0 0 0
1 0 0 0
-2.182734 41.88711 63.82079
-0.9926916 0.02131259 -0.1187817
255 255 255 255
0.228295 1.079058
1 0 0 0
1 0 0 0
-0.875911 41.88711 61.62078
-0.9633651 0.007093907 -0.2680997
255 255 255 255
0.208166 1.078962
1 0 0 0
1 0 0 0
-0.875911 40.5985 60.10999
-1 0 0
255 255 255 255
0.205926 1.086202
1 0 0 0
1 0 0 0
-0.875911 41.88711 60.10999
-1 0 0
255 255 255 255
0.205997 1.078962
1 0 0 0
1 0 0 0
1.493224 52.26756 -64.49166
0.8658832 0.01831267 -0.499911
255 255 255 255
0.133615 1.167191
1 0 0 0
1 0 0 0
1.493224 52.26756 -62.57157
0.9998644 0.01646909 4.665314E-18
255 255 255 255
0.122499 1.167049
1 0 0 0
1 0 0 0
-0.875915 -37.83197 61.62078
-0.9633651 0.007093907 -0.2680997
255 255 255 255
0.207203 1.075553
1 0 0 0
1 0 0 0
-2.217467 -37.83197 63.81011
-0.9926916 0.02131259 -0.1187817
255 255 255 255
0.227226 1.075651
1 0 0 0
1 0 0 0
-2.182738 -36.54336 63.82079
-0.9926916 0.02131259 -0.1187817
255 255 255 255
0.227314 1.068455
1 0 0 0
1 0 0 0
-0.875915 -36.54336 61.62078
-0.9633651 0.007093907 -0.2680997
255 255 255 255
0.207315 1.068359
1 0 0 0
1 0 0 0
-0.875915 -37.83197 60.10999
-1 0 0
255 255 255 255
0.20509 1.075553
1 0 0 0
1 0 0 0
-0.875915 -36.54336 60.10999
-1 0 0
255 255 255 255
0.20516 1.068359
1 0 0 0
1 0 0 0
0.837403 -36.54336 67.25324
0 0.004906344 0.999988
255 255 255 255
0.157618 1.068234
1 0 0 0
1 0 0 0
-1.100341 -36.54336 67.25324
0 0.004906344 0.999988
255 255 255 255
0.149428 1.068376
1 0 0 0
1 0 0 0
-1.135039 -37.83197 67.25957
0 0.004906344 0.999988
255 255 255 255
0.149363 1.075572
1 0 0 0
1 0 0 0
0.802705 -37.83197 67.25957
0 0.004906344 0.999988
255 255 255 255
0.15754 1.075431
1 0 0 0
1 0 0 0
-2.217467 -37.83197 63.81011
-0.9926916 0.02131259 -0.1187817
255 255 255 255
0.130163 1.075651
1 0 0 0
1 0 0 0
-1.135039 -37.83197 67.25957
-0.9536151 0.02515681 0.2999755
255 255 255 255
0.149363 1.075572
1 0 0 0
1 0 0 0
-1.100341 -36.54336 67.25324
-0.9536151 0.02515681 0.2999755
255 255 255 255
0.149428 1.068376
1 0 0 0
1 0 0 0
-2.182738 -36.54336 63.82079
-0.9926916 0.02131259 -0.1187817
255 255 255 255
0.130251 1.068455
1 0 0 0
1 0 0 0
0.160802 40.5985 60.10999
0 2.832769E-16 -1
255 255 255 255
0.201463 1.086126
1 0 0 0
1 0 0 0
-0.875911 40.5985 60.10999
0 2.832769E-16 -1
255 255 255 255
0.205926 1.086202
1 0 0 0
1 0 0 0
-0.875911 41.88711 60.10999
0 2.832769E-16 -1
255 255 255 255
0.205997 1.078962
1 0 0 0
1 0 0 0
0.160802 41.88711 60.10999
0 2.832769E-16 -1
255 255 255 255
0.201536 1.078885
1 0 0 0
1 0 0 0
-0.544433 -42.35774 60.11572
0.7114554 -0.5680768 -0.4136667
255 255 255 255
0.99434 2
1 0 0 0
1 0 0 0
-0.544435 45.32692 -60.29447
0.7114554 -0.5680768 -0.4136667
255 255 255 255
0.994766 1.000833
1 0 0 0
1 0 0 0
-0.23346 45.61765 -60.15894
0.7114554 -0.5680768 -0.4136667
255 255 255 255
0.989444 1.000423
1 0 0 0
1 0 0 0
-0.233458 -42.06704 60.25143
0.7114554 -0.5680768 -0.4136667
255 255 255 255
0.991412 1.99959
1 0 0 0
1 0 0 0
-0.198793 40.02512 -66.65618
-0.7071068 2.003071E-16 -0.7071068
255 255 255 255
0.246867 1.138441
1 0 0 0
1 0 0 0
-0.665498 40.02512 -66.18948
-0.7071068 2.003071E-16 -0.7071068
255 255 255 255
0.250455 1.138454
1 0 0 0
1 0 0 0
-0.665498 42.51324 -66.18948
-0.7071068 2.003071E-16 -0.7071068
255 255 255 255
0.250454 1.121625
1 0 0 0
1 0 0 0
-0.198793 42.51324 -66.65618
-0.7071068 2.003071E-16 -0.7071068
255 255 255 255
0.24692 1.121611
1 0 0 0
1 0 0 0
0.255956 40.02512 66.20145
0.7071068 2.003071E-16 -0.7071068
255 255 255 255
0.243543 1.167407
1 0 0 0
1 0 0 0
-0.210749 40.02512 65.73475
0.7071068 2.003071E-16 -0.7071068
255 255 255 255
0.247229 1.167421
1 0 0 0
1 0 0 0
-0.210749 42.51324 65.73475
0.7071068 2.003071E-16 -0.7071068
255 255 255 255
0.247284 1.149867
1 0 0 0
1 0 0 0
0.255956 42.51324 66.20145
0.7071068 2.003071E-16 -0.7071068
255 255 255 255
0.243543 1.149852
1 0 0 0
1 0 0 0
0.837407 41.88711 67.25324
0 0.004906344 0.999988
255 255 255 255
0.158148 1.078836
1 0 0 0
1 0 0 0
-1.100337 41.88711 67.25324
0 0.004906344 0.999988
255 255 255 255
0.149905 1.078978
1 0 0 0
1 0 0 0
-1.135035 40.5985 67.25957
0 0.004906344 0.999988
255 255 255 255
0.14984 1.086221
1 0 0 0
1 0 0 0
0.802709 40.5985 67.25957
0 0.004906344 0.999988
255 255 255 255
0.158069 1.086078
1 0 0 0
1 0 0 0
-0.198787 40.02512 66.65618
0 -1 -2.832769E-16
255 255 255 255
0.244918 1.141974
1 0 0 0
1 0 0 0
-0.665492 40.02512 66.18949
0 -1 -2.832769E-16
255 255 255 255
0.250345 1.141974
1 0 0 0
1 0 0 0
-0.210749 40.02512 65.73475
0 -1 -2.832769E-16
255 255 255 255
0.250345 1.147262
1 0 0 0
1 0 0 0
0.255956 40.02512 66.20145
0 -1 -2.832769E-16
255 255 255 255
0.244918 1.147262
1 0 0 0
1 0 0 0
0.55454 40.5985 61.62078
0.9198303 -0.004687591 -0.3922888
255 255 255 255
0.197681 1.086097
1 0 0 0
1 0 0 0
0.160802 40.5985 60.10999
0.967677 7.144043E-17 -0.2521929
255 255 255 255
0.201463 1.086126
1 0 0 0
1 0 0 0
0.160802 41.88711 60.10999
0.967677 7.144043E-17 -0.2521929
255 255 255 255
0.201536 1.078885
1 0 0 0
1 0 0 0
0.55454 41.88711 61.62078
0.9198303 -0.004687591 -0.3922888
255 255 255 255
0.197795 1.078856
1 0 0 0
1 0 0 0
1.886724 40.5985 63.81011
0.9922424 -0.01946921 -0.1227842
255 255 255 255
0.177464 1.085999
1 0 0 0
1 0 0 0
1.921422 41.88711 63.82079
0.9922424 -0.01946921 -0.1227842
255 255 255 255
0.177392 1.078756
1 0 0 0
1 0 0 0
0.802709 40.5985 67.25957
0.9534692 -0.02615712 0.3003537
255 255 255 255
0.158069 1.086078
1 0 0 0
1 0 0 0
0.837407 41.88711 67.25324
0.9534692 -0.02615712 0.3003537
255 255 255 255
0.158148 1.078836
1 0 0 0
1 0 0 0
-0.198787 42.51324 66.65618
-0.7071068 -2.003071E-16 0.7071068
255 255 255 255
0.239923 1.149866
1 0 0 0
1 0 0 0
-0.665492 42.51324 66.18949
-0.7071068 -2.003071E-16 0.7071068
255 255 255 255
0.236237 1.149881
1 0 0 0
1 0 0 0
-0.665492 40.02512 66.18949
-0.7071068 -2.003071E-16 0.7071068
255 255 255 255
0.236236 1.167435
1 0 0 0
1 0 0 0
-0.198787 40.02512 66.65618
-0.7071068 -2.003071E-16 0.7071068
255 255 255 255
0.239977 1.167421
1 0 0 0
1 0 0 0
-0.433141 -41.79807 -59.99734
-0.9999998 -0.0007187723 -6.250194E-05
255 255 255 255
0.276235 1.176366
1 0 0 0
1 0 0 0
-0.433141 -42.822 -60.6529
-0.9999998 -0.0007187723 -6.250194E-05
255 255 255 255
0.269347 1.171932
1 0 0 0
1 0 0 0
-0.502288 -42.65652 60.76835
-1 3.125098E-05 -0.0002500078
255 255 255 255
0.27453 1.996684
1 0 0 0
1 0 0 0
-0.502288 -41.72771 60.10174
-1 3.125098E-05 -0.0002500078
255 255 255 255
0.280471 1.992175
1 0 0 0
1 0 0 0
0.160798 -37.83197 60.10999
0 2.832769E-16 -1
255 255 255 255
0.200654 1.075477
1 0 0 0
1 0 0 0
-0.875915 -37.83197 60.10999
0 2.832769E-16 -1
255 255 255 255
0.20509 1.075553
1 0 0 0
1 0 0 0
-0.875915 -36.54336 60.10999
0 2.832769E-16 -1
255 255 255 255
0.20516 1.068359
1 0 0 0
1 0 0 0
0.160798 -36.54336 60.10999
0 2.832769E-16 -1
255 255 255 255
0.200727 1.068284
1 0 0 0
1 0 0 0
0.932673 -54.36244 -62.42934
0.7070912 -2.003115E-16 0.7071224
255 255 255 255
0.119171 1.997422
1 0 0 0
1 0 0 0
1.40362 -54.36244 -63.56622
1 0 0
255 255 255 255
0.127359 1.997438
1 0 0 0
1 0 0 0
1.403624 53.05373 -63.56622
1 0 0
255 255 255 255
0.127359 1.169825
1 0 0 0
1 0 0 0
0.932677 53.05373 -62.42934
0.7070912 -2.003115E-16 0.7071224
255 255 255 255
0.12106 1.16981
1 0 0 0
1 0 0 0
-0.20429 -54.36244 -61.95843
0 -2.832769E-16 1
255 255 255 255
0.111747 1.997383
1 0 0 0
1 0 0 0
-0.204286 53.05373 -61.95843
0 -2.832769E-16 1
255 255 255 255
0.114382 1.169771
1 0 0 0
1 0 0 0
-1.341008 -54.36244 -62.42934
-0.7071381 -2.002982E-16 0.7070756
255 255 255 255
0.105071 1.997345
1 0 0 0
1 0 0 0
-1.341249 53.05373 -62.42934
-0.7071381 -2.002982E-16 0.7070756
255 255 255 255
0.106959 1.169733
1 0 0 0
1 0 0 0
-1.811956 -54.36244 -63.56622
-1 0 0
255 255 255 255
0.098772 1.997329
1 0 0 0
1 0 0 0
-1.811952 53.05373 -63.56622
-1 0 0
255 255 255 255
0.098772 1.169717
1 0 0 0
1 0 0 0
-1.341008 -54.36244 -64.70307
-0.7071381 2.002982E-16 -0.7070756
255 255 255 255
0.092473 1.997345
1 0 0 0
1 0 0 0
-1.341249 53.05373 -64.70309
-0.7071381 2.002982E-16 -0.7070756
255 255 255 255
0.090585 1.169733
1 0 0 0
1 0 0 0
-0.20429 -54.36244 -65.17399
0 2.832769E-16 -1
255 255 255 255
0.085796 1.997383
1 0 0 0
1 0 0 0
-0.204286 53.05373 -65.17399
0 2.832769E-16 -1
255 255 255 255
0.083162 1.169771
1 0 0 0
1 0 0 0
0.932673 -54.36244 -64.70307
0.7070756 2.003159E-16 -0.7071381
255 255 255 255
0.078373 1.997422
1 0 0 0
1 0 0 0
0.932677 53.05373 -64.70309
0.7070756 2.003159E-16 -0.7071381
255 255 255 255
0.076484 1.16981
1 0 0 0
1 0 0 0
1.40362 -54.36244 -63.56622
1 0 0
255 255 255 255
0.070185 1.997438
1 0 0 0
1 0 0 0
1.403624 53.05373 -63.56622
1 0 0
255 255 255 255
0.070185 1.169825
1 0 0 0
1 0 0 0
-2.217463 40.5985 63.81011
-0.9926916 0.02131259 -0.1187817
255 255 255 255
0.130515 1.0863
1 0 0 0
1 0 0 0
-1.135035 40.5985 67.25957
-0.9536151 0.02515681 0.2999755
255 255 255 255
0.14984 1.086221
1 0 0 0
1 0 0 0
-1.100337 41.88711 67.25324
-0.9536151 0.02515681 0.2999755
255 255 255 255
0.149905 1.078978
1 0 0 0
1 0 0 0
-2.182734 41.88711 63.82079
-0.9926916 0.02131259 -0.1187817
255 255 255 255
0.130605 1.079058
1 0 0 0
1 0 0 0
398 # faces
0 2 1
3 2 0
4 6 5
7 6 4
6 7 8
9 7 4
10 12 11
12 13 11
13 12 14
11 13 15
16 18 17
17 20 19
17 18 21
21 20 17
21 18 22
22 18 23
24 26 25
27 26 24
27 28 26
26 28 29
30 26 29
31 26 30
32 34 33
35 34 32
36 38 37
39 38 36
36 40 39
39 40 41
41 40 42
42 40 43
44 46 45
47 46 44
48 46 47
49 46 48
50 49 48
51 49 50
52 54 53
55 54 52
56 58 57
59 58 56
60 59 56
61 59 60
60 62 61
61 62 63
64 66 65
67 66 64
68 70 69
71 70 68
68 72 71
71 72 73
74 76 75
75 76 77
78 77 76
79 77 78
80 82 81
83 82 80
84 86 85
87 86 84
88 90 89
91 90 88
92 94 93
95 94 92
96 98 97
99 98 96
100 102 101
103 102 100
104 106 105
107 106 104
108 110 109
111 110 108
112 114 113
115 114 112
116 118 117
119 118 116
120 118 119
121 118 120
117 118 122
122 118 121
123 125 124
126 125 123
127 129 128
130 129 127
131 130 127
132 130 131
133 135 134
136 135 133
137 139 138
140 139 137
141 143 142
144 143 141
145 147 146
148 147 145
149 151 150
152 151 149
153 155 154
156 155 153
157 156 153
158 156 157
159 161 160
162 161 159
163 165 164
166 165 163
167 169 168
170 169 167
171 173 172
174 173 171
175 177 176
178 177 175
179 181 180
182 181 179
183 185 184
186 185 183
187 189 188
190 189 187
191 193 192
194 193 191
195 197 196
198 197 195
199 201 200
202 201 199
203 205 204
206 205 203
207 209 208
210 209 207
211 210 207
212 210 211
213 215 214
216 215 213
214 215 217
217 215 218
219 214 217
220 214 219
221 223 222
224 223 221
225 227 226
228 227 225
229 231 230
232 231 229
233 235 234
236 235 233
236 237 235
235 237 238
239 235 238
240 235 239
241 243 242
244 243 241
245 247 246
248 247 245
249 251 250
252 251 249
253 255 254
256 255 253
257 259 258
260 259 257
257 261 260
260 261 262
263 265 264
266 265 263
267 269 268
270 269 267
271 273 272
274 273 271
275 277 276
278 277 275
279 281 280
282 281 279
283 285 284
286 285 283
287 289 288
290 289 287
291 293 292
294 293 291
295 297 296
298 297 295
299 301 300
300 301 302
299 304 303
300 304 299
303 304 305
306 304 300
307 309 308
310 309 307
311 309 310
312 309 311
313 315 314
316 315 313
313 317 316
316 317 318
319 321 320
320 321 322
323 325 324
319 325 323
320 325 319
326 325 320
327 329 328
327 328 330
327 330 331
332 327 331
329 327 333
333 327 332
334 336 335
337 336 334
338 337 334
339 337 338
338 340 339
339 340 341
342 344 343
345 344 342
346 348 347
349 348 346
349 346 350
350 346 351
351 346 352
352 346 353
354 356 355
357 356 354
358 356 357
359 356 358
358 360 359
359 360 361
362 364 363
365 364 362
366 368 367
369 368 366
370 369 366
371 369 370
372 369 371
373 369 372
374 376 375
377 376 374
378 380 379
381 380 378
382 384 383
385 384 382
386 388 387
389 388 386
390 392 391
393 392 390
394 393 390
395 393 394
396 398 397
399 398 396
400 402 401
403 402 400
400 404 403
403 404 405
406 408 407
407 408 409
410 412 411
406 412 410
407 412 406
413 412 407
414 416 415
415 416 417
415 417 418
418 417 419
420 418 419
421 418 420
422 424 423
425 424 422
426 428 427
429 428 426
430 432 431
433 432 430
434 436 435
437 436 434
438 440 439
441 440 438
442 444 443
443 444 445
444 446 445
447 446 444
447 444 448
448 444 449
450 452 451
453 452 450
453 454 452
455 454 453
455 456 454
457 456 455
457 458 456
459 458 457
459 460 458
461 460 459
461 462 460
463 462 461
464 463 461
465 463 464
466 457 455
467 459 457
467 457 466
468 459 467
469 461 459
470 461 469
471 455 453
472 455 471
473 475 474
476 475 473
477 479 478
475 479 477
474 475 480
480 475 477
481 474 480
482 474 481
483 479 475
484 479 483
485 487 486
486 487 488
488 487 489
489 487 490
482 481 491
491 490 487
491 481 492
492 490 491
493 482 491
494 474 482
494 482 493
495 474 494
496 491 487
497 491 496
498 500 499
501 500 498
498 502 501
501 502 503
504 503 502
505 503 504
506 505 504
507 505 506
508 507 506
509 507 508
510 509 508
511 509 510
512 511 510
513 511 512
514 513 512
515 513 514
516 518 517
519 518 516
520 519 516
521 519 520
520 522 521
521 522 523
524 526 525
527 526 524
524 528 527
527 528 529
530 453 450
531 453 530
532 534 533
535 534 532
532 536 535
535 536 537
538 540 539
541 540 538
542 544 543
545 544 542
546 548 547
549 548 546
550 552 551
553 552 550
554 556 555
557 556 554
558 560 559
561 560 558
562 564 563
565 564 562
566 568 567
569 568 566
570 572 571
573 572 570
570 574 573
573 574 575
574 576 575
575 576 577
578 580 579
581 580 578
582 584 583
585 584 582
586 588 587
589 588 586
590 592 591
593 592 590
590 594 593
593 594 595
596 595 594
597 595 596
598 597 596
599 597 598
600 599 598
601 599 600
602 601 600
603 601 602
604 603 602
605 603 604
606 605 604
607 605 606
608 610 609
611 610 608
